-0.4365133047103882
-0.44373345375061035
-0.4479649066925049
-0.4546853303909302
-0.46183323860168457
-0.468098521232605
-0.4740452766418457
-0.4824028015136719
-0.4875514507293701
-0.4918712377548218
-0.49532461166381836
-0.4990386962890625
-0.5068542957305908
-0.514915943145752
-0.522010326385498
-0.5288140773773193
-0.5343824625015259
-0.5399138927459717
-0.5465539693832397
-0.5545574426651001
-0.56165611743927
-0.5683773756027222
-0.5736699104309082
-0.578792929649353
-0.5853462219238281
-0.593295693397522
-0.5996012687683105
-0.6049017906188965
-0.6124989986419678
-0.6201306581497192
-0.6265300512313843
-0.6321072578430176
-0.6400173902511597
-0.6487360000610352
-0.657721996307373
-0.6653754711151123
-0.6733155250549316
-0.6828782558441162
-0.6932789087295532
-0.34591639041900635
-0.1974407434463501
-0.1646021604537964
-0.1992706060409546
-0.23688828945159912
-0.2773590087890625
-0.3139150142669678
-0.3477741479873657
-0.36081814765930176
-0.37048447132110596
-0.37783539295196533
-0.38286852836608887
-0.3868657350540161
-0.38927674293518066
-0.394476056098938
-0.3985675573348999
-0.40288734436035156
-0.40750277042388916
-0.41597747802734375
-0.4250679016113281
-0.43468940258026123
-0.44097089767456055
-0.44611525535583496
-0.4494725465774536
-0.45564496517181396
-0.46377456188201904
-0.4701225757598877
-0.4756641387939453
-0.48134005069732666
-0.4869455099105835
-0.4923222064971924
-0.4980018138885498
-0.5039355754852295
-0.5099846124649048
-0.5185190439224243
-0.5249319076538086
-0.5303117036819458
-0.5387624502182007
-0.5475232601165771
-0.5563545227050781
-0.5660805702209473
-0.5745406150817871
-0.5829470157623291
-1.1894934177398682
-1.4758613109588623
-1.5908632278442383
-1.6143698692321777
-1.5974836349487305
-1.5814127922058105
-1.5705981254577637
-1.567427635192871
-1.3883187770843506
-1.3005642890930176
-1.2818760871887207
-1.284663438796997
-1.2986373901367188
-1.3332698345184326
-1.3749756813049316
-1.4056499004364014
-1.431917428970337
-1.3148167133331299
-1.2705559730529785
-1.211702823638916
-1.1884129047393799
-1.1920766830444336
-1.209535837173462
-1.2321579456329346
-1.2582600116729736
-1.2832057476043701
-1.3022234439849854
-1.311347246170044
-1.2353510856628418
-1.2134661674499512
-1.1747345924377441
-1.1523106098175049
-1.1528701782226562
-1.165403127670288
-1.1920497417449951
-1.2007908821105957
-1.2027547359466553
-1.0519146919250488
-0.9963502883911133
-0.9876384735107422
-1.021888256072998
-1.0387589931488037
-1.0466594696044922
-1.055971384048462
-1.0764572620391846
-1.0978350639343262
-1.1054699420928955
-1.1065027713775635
-0.8139524459838867
-0.6941816806793213
-0.6844247579574585
-0.7219798564910889
-0.772944450378418
-0.8156695365905762
-0.8460671901702881
-0.866004228591919
-0.8793418407440186
-0.891333818435669
-0.9014801979064941
-0.9100372791290283
-0.9187631607055664
-0.9272880554199219
-0.9356646537780762
-0.658516526222229
-0.5035396814346313
-0.44925177097320557
-0.4579622745513916
-0.49362683296203613
-0.5297838449478149
-0.5641989707946777
-0.5836105346679688
-0.5952825546264648
-0.6037551164627075
-0.611526608467102
-0.6205450296401978
-0.6302428245544434
-0.6263118982315063
-0.6230803728103638
-0.6235542297363281
-0.6270313262939453
-0.6337331533432007
-0.6416120529174805
-0.6503150463104248
-0.6497493982315063
-0.6463042497634888
-0.6482217311859131
-0.6532278060913086
-0.6601189374923706
-0.6679642200469971
-0.6770936250686646
-0.6861864328384399
-0.6878952980041504
-0.6872378587722778
-0.6875361204147339
-0.6894947290420532
-0.6920480728149414
-0.697141170501709
-0.7037055492401123
-0.7109373807907104
-0.71465003490448
-0.7195751667022705
-0.7253227233886719
-0.7316805124282837
-0.5261757373809814
-0.46713972091674805
-0.4244544506072998
-0.4079883098602295
-0.4164454936981201
-0.4381296634674072
-0.46436941623687744
-0.4898402690887451
-0.5030566453933716
-0.509929895401001
-0.5140426158905029
-0.5192623138427734
-0.5250862836837769
-0.5314016342163086
-0.5386520624160767
-0.5486451387405396
-0.5581405162811279
-0.5686652660369873
-0.5777193307876587
-0.5796093940734863
-0.5773921012878418
-0.5797356367111206
-0.5847591161727905
-0.5900375843048096
-0.597057580947876
-0.6056498289108276
-0.6143102645874023
-0.6168926954269409
-0.6201149225234985
-0.6241350173950195
-0.6296519041061401
-0.637137770652771
-0.6413377523422241
-0.6449968814849854
-0.6483681201934814
-0.6532926559448242
-0.29668521881103516
-0.14625930786132812
-0.11113393306732178
-0.14812326431274414
-0.21137607097625732
-0.27332210540771484
-0.289247989654541
-0.2870945930480957
-0.2871856689453125
-0.29096662998199463
-0.29674434661865234
-0.30404961109161377
-0.312188982963562
-0.32025325298309326
-0.32862961292266846
-0.33860576152801514
-0.33802342414855957
-0.3307913541793823
-0.3236873149871826
-0.3223741054534912
-0.32366323471069336
-0.326943039894104
-0.33195459842681885
-0.3390434980392456
-0.34730517864227295
-0.34754276275634766
-0.3502933979034424
-0.35617542266845703
-0.3641108274459839
-0.3719879388809204
-0.38010942935943604
-0.3884080648422241
-0.39654862880706787
-0.4042181968688965
-0.41284143924713135
-0.4172252416610718
-0.41988253593444824
-0.42281854152679443
-0.4269634485244751
-0.43112003803253174
-0.4360356330871582
-0.44154131412506104
-0.4473433494567871
-0.4543803930282593
-0.4617809057235718
-0.46599268913269043
-0.4678155183792114
-0.469396710395813
-0.47222650051116943
-0.47599363327026367
-0.48037242889404297
-0.48515331745147705
-0.48922133445739746
-0.4934045076370239
-0.49755561351776123
-0.5024257898330688
