3.859263956546783447e-01,3.188861131668090820e+00
5.765516161918640137e-01,3.203411817550659180e+00
6.528127193450927734e-01,3.197873830795288086e+00
5.512219667434692383e-01,3.212132930755615234e+00
5.048793554306030273e-01,3.218096256256103516e+00
5.087694525718688965e-01,3.222303628921508789e+00
5.199693441390991211e-01,3.227714300155639648e+00
5.512260794639587402e-01,3.226907253265380859e+00
5.114598274230957031e-01,3.237383842468261719e+00
4.839671254158020020e-01,3.244822025299072266e+00
4.746803045272827148e-01,3.251155853271484375e+00
4.737036228179931641e-01,3.256695747375488281e+00
4.781403243541717529e-01,3.262892007827758789e+00
4.567095935344696045e-01,3.270514965057373047e+00
4.628432691097259521e-01,3.280382394790649414e+00
4.707751274108886719e-01,3.286693096160888672e+00
4.709207415580749512e-01,3.297943830490112305e+00
4.737003147602081299e-01,3.306059598922729492e+00
4.698197841644287109e-01,3.319149017333984375e+00
4.678643345832824707e-01,3.329561233520507812e+00
4.611349701881408691e-01,3.343419313430786133e+00
4.534658193588256836e-01,3.357417345046997070e+00
3.150243163108825684e-01,3.189063787460327148e+00
3.502985835075378418e-01,3.188027858734130859e+00
4.290586411952972412e-01,3.181550979614257812e+00
5.134231448173522949e-01,3.190559864044189453e+00
4.640598297119140625e-01,3.203413486480712891e+00
4.385425746440887451e-01,3.209509134292602539e+00
4.498381316661834717e-01,3.215198516845703125e+00
4.659514129161834717e-01,3.219047307968139648e+00
4.998010993003845215e-01,3.219308376312255859e+00
4.747522771358489990e-01,3.228501081466674805e+00
4.664816856384277344e-01,3.237433671951293945e+00
4.663277864456176758e-01,3.245653390884399414e+00
4.713165163993835449e-01,3.250581502914428711e+00
4.818445146083831787e-01,3.257757663726806641e+00
4.939074814319610596e-01,3.261704921722412109e+00
4.925390779972076416e-01,3.275717735290527344e+00
4.942141771316528320e-01,3.285734176635742188e+00
4.890475869178771973e-01,3.300676345825195312e+00
4.862530827522277832e-01,3.312411308288574219e+00
4.782667756080627441e-01,3.327876329421997070e+00
4.729341864585876465e-01,3.340169191360473633e+00
4.629134237766265869e-01,3.356012105941772461e+00
4.555081129074096680e-01,3.368916034698486328e+00
6.391901373863220215e-01,3.138630151748657227e+00
7.593075037002563477e-01,3.130250692367553711e+00
6.342299580574035645e-01,3.143560409545898438e+00
5.904146432876586914e-01,3.154402017593383789e+00
6.025527715682983398e-01,3.161363601684570312e+00
6.294771432876586914e-01,3.170588254928588867e+00
5.868755578994750977e-01,3.180984020233154297e+00
5.630251765251159668e-01,3.190959453582763672e+00
5.505710244178771973e-01,3.195890188217163086e+00
5.480748414993286133e-01,3.201213359832763672e+00
5.527089238166809082e-01,3.207334995269775391e+00
5.645369887351989746e-01,3.213908433914184570e+00
5.506621599197387695e-01,3.223050117492675781e+00
5.558614134788513184e-01,3.232048273086547852e+00
5.631727576255798340e-01,3.237586021423339844e+00
5.624326467514038086e-01,3.249037742614746094e+00
5.643010139465332031e-01,3.256835222244262695e+00
5.593829751014709473e-01,3.269620895385742188e+00
5.569790005683898926e-01,3.279349565505981445e+00
5.455591082572937012e-01,3.296480894088745117e+00
5.370602011680603027e-01,3.310335397720336914e+00
5.259914994239807129e-01,3.325933694839477539e+00
5.811561942100524902e-01,3.057314157485961914e+00
7.672618627548217773e-01,3.056571006774902344e+00
6.130654215812683105e-01,3.071682214736938477e+00
5.582101941108703613e-01,3.082771539688110352e+00
5.672868490219116211e-01,3.087025880813598633e+00
5.800819993019104004e-01,3.093757629394531250e+00
5.629076957702636719e-01,3.108225107192993164e+00
5.568779706954956055e-01,3.115606307983398438e+00
5.607807636260986328e-01,3.123097658157348633e+00
5.696688890457153320e-01,3.128466129302978516e+00
5.947039127349853516e-01,3.130822181701660156e+00
5.789702534675598145e-01,3.141415357589721680e+00
5.678704977035522461e-01,3.148459911346435547e+00
5.647853612899780273e-01,3.157031774520874023e+00
5.670217871665954590e-01,3.162513971328735352e+00
5.743479728698730469e-01,3.169766902923583984e+00
5.838837623596191406e-01,3.174634456634521484e+00
5.861396789550781250e-01,3.184635162353515625e+00
5.905035138130187988e-01,3.191462993621826172e+00
5.884794592857360840e-01,3.203029155731201172e+00
5.891283750534057617e-01,3.211252450942993164e+00
5.839877128601074219e-01,3.223872184753417969e+00
5.809675455093383789e-01,3.233919143676757812e+00
5.735582709312438965e-01,3.247338056564331055e+00
5.682557821273803711e-01,3.258322715759277344e+00
6.466622352600097656e-01,2.959471940994262695e+00
5.459533333778381348e-01,2.990173578262329102e+00
5.414683222770690918e-01,3.004608869552612305e+00
6.446579694747924805e-01,3.017520427703857422e+00
7.142671942710876465e-01,3.018299818038940430e+00
6.846306324005126953e-01,3.035819292068481445e+00
6.697059869766235352e-01,3.045190334320068359e+00
6.960980892181396484e-01,3.054911851882934570e+00
7.209012508392333984e-01,3.058609247207641602e+00
6.953841447830200195e-01,3.072238445281982422e+00
6.791825294494628906e-01,3.081086874008178711e+00
6.711483597755432129e-01,3.088355064392089844e+00
6.817189455032348633e-01,3.096061944961547852e+00
6.934489607810974121e-01,3.100268125534057617e+00
6.742302179336547852e-01,3.110779047012329102e+00
6.592482328414916992e-01,3.118518829345703125e+00
6.506612300872802734e-01,3.126083612442016602e+00
6.528847217559814453e-01,3.134735584259033203e+00
6.576868891716003418e-01,3.140382289886474609e+00
6.634088754653930664e-01,3.144472837448120117e+00
6.581202149391174316e-01,3.157727956771850586e+00
6.550374031066894531e-01,3.168245792388916016e+00
6.473199725151062012e-01,3.182201147079467773e+00
6.418197154998779297e-01,3.193606138229370117e+00
6.323200464248657227e-01,3.208125591278076172e+00
6.249427795410156250e-01,3.220280170440673828e+00
6.154680848121643066e-01,3.233911752700805664e+00
1.175050020217895508e+00,2.856335639953613281e+00
8.531926870346069336e-01,2.887684822082519531e+00
7.654448151588439941e-01,2.897568941116333008e+00
7.361189126968383789e-01,2.899060249328613281e+00
8.169458508491516113e-01,2.896906137466430664e+00
7.470547556877136230e-01,2.908273935317993164e+00
7.264543175697326660e-01,2.915709018707275391e+00
7.186892032623291016e-01,2.922412395477294922e+00
7.174676060676574707e-01,2.931116819381713867e+00
7.485597729682922363e-01,2.937006473541259766e+00
7.774966955184936523e-01,2.938656568527221680e+00
7.575051188468933105e-01,2.948228597640991211e+00
7.456645965576171875e-01,2.956943988800048828e+00
7.392648458480834961e-01,2.963702678680419922e+00
7.380368709564208984e-01,2.968798875808715820e+00
7.516013979911804199e-01,2.974293231964111328e+00
7.658334970474243164e-01,2.977092266082763672e+00
7.555959224700927734e-01,2.984370470046997070e+00
7.504467964172363281e-01,2.990885257720947266e+00
7.496745586395263672e-01,2.997256278991699219e+00
7.559617161750793457e-01,3.003259897232055664e+00
7.634121179580688477e-01,3.007152318954467773e+00
7.504861354827880859e-01,3.015271425247192383e+00
7.469121813774108887e-01,3.022979736328125000e+00
7.474141120910644531e-01,3.029028892517089844e+00
7.498016357421875000e-01,3.034974575042724609e+00
7.533890008926391602e-01,3.039422750473022461e+00
7.409752607345581055e-01,3.047179937362670898e+00
7.304121255874633789e-01,3.053680181503295898e+00
7.232264280319213867e-01,3.060879230499267578e+00
7.218574285507202148e-01,3.068036317825317383e+00
7.188937664031982422e-01,3.077075719833374023e+00
7.173512578010559082e-01,3.084441423416137695e+00
7.125266790390014648e-01,3.094407320022583008e+00
7.090204358100891113e-01,3.102879524230957031e+00
7.026218771934509277e-01,3.113637685775756836e+00
6.975685358047485352e-01,3.122930049896240234e+00
6.898828148841857910e-01,3.134349107742309570e+00
6.835166215896606445e-01,3.144352436065673828e+00
6.015132069587707520e-01,2.850381612777709961e+00
8.886084556579589844e-01,2.853611230850219727e+00
9.971846938133239746e-01,2.843029975891113281e+00
8.483487367630004883e-01,2.857681751251220703e+00
7.966454625129699707e-01,2.862987041473388672e+00
7.748873233795166016e-01,2.866968154907226562e+00
7.677510380744934082e-01,2.873880147933959961e+00
8.095814585685729980e-01,2.880103588104248047e+00
7.796717882156372070e-01,2.889939308166503906e+00
7.612421512603759766e-01,2.898654222488403320e+00
7.524269223213195801e-01,2.906335115432739258e+00
7.521679997444152832e-01,2.911084413528442383e+00
7.542302012443542480e-01,2.916743278503417969e+00
7.766042351722717285e-01,2.919532775878906250e+00
7.654635310173034668e-01,2.928636312484741211e+00
7.588198184967041016e-01,2.935451984405517578e+00
7.564530372619628906e-01,2.942417383193969727e+00
7.584159374237060547e-01,2.947826862335205078e+00
7.688173651695251465e-01,2.953557252883911133e+00
7.569717168807983398e-01,2.962361335754394531e+00
7.488309144973754883e-01,2.969363212585449219e+00
7.445971965789794922e-01,2.975212097167968750e+00
7.443841695785522461e-01,2.981005430221557617e+00
7.477486729621887207e-01,2.986835479736328125e+00
7.530580163002014160e-01,2.992255449295043945e+00
7.594985365867614746e-01,2.995987176895141602e+00
7.486312389373779297e-01,3.003223896026611328e+00
7.507816553115844727e-01,3.009977579116821289e+00
7.541101574897766113e-01,3.015035390853881836e+00
7.425149679183959961e-01,3.022989511489868164e+00
7.325943112373352051e-01,3.029822111129760742e+00
7.327985763549804688e-01,3.036916971206665039e+00
7.340637445449829102e-01,3.042600393295288086e+00
7.309246063232421875e-01,3.051874160766601562e+00
7.291106581687927246e-01,3.059608697891235352e+00
7.253752946853637695e-01,3.068736553192138672e+00
7.187447547912597656e-01,3.080134391784667969e+00
7.133520841598510742e-01,3.090145349502563477e+00
7.064709067344665527e-01,3.101250648498535156e+00
5.304793715476989746e-01,2.788735628128051758e+00
6.632866859436035156e-01,2.768558502197265625e+00
7.292888760566711426e-01,2.759969472885131836e+00
6.665142178535461426e-01,2.779927968978881836e+00
6.382024288177490234e-01,2.792110204696655273e+00
6.313979029655456543e-01,2.799689054489135742e+00
6.523861289024353027e-01,2.808141231536865234e+00
7.178692817687988281e-01,2.814271450042724609e+00
7.730833888053894043e-01,2.815162420272827148e+00
7.438369393348693848e-01,2.822671175003051758e+00
7.229409813880920410e-01,2.827668190002441406e+00
7.115781307220458984e-01,2.832745552062988281e+00
7.180974483489990234e-01,2.837762594223022461e+00
7.455896735191345215e-01,2.843925476074218750e+00
7.719802856445312500e-01,2.846948385238647461e+00
7.606979608535766602e-01,2.854399681091308594e+00
7.556133270263671875e-01,2.862702846527099609e+00
7.538416385650634766e-01,2.869695425033569336e+00
7.586940526962280273e-01,2.875579118728637695e+00
7.722068428993225098e-01,2.881347179412841797e+00
7.862900495529174805e-01,2.884917736053466797e+00
7.784681320190429688e-01,2.892718553543090820e+00
7.729753255844116211e-01,2.898722887039184570e+00
7.712461352348327637e-01,2.904059171676635742e+00
7.729148864746093750e-01,2.909455776214599609e+00
7.769855856895446777e-01,2.915599584579467773e+00
7.658588886260986328e-01,2.923817396163940430e+00
7.575292587280273438e-01,2.931032180786132812e+00
7.516657710075378418e-01,2.937132835388183594e+00
7.481712102890014648e-01,2.942534923553466797e+00
7.526504397392272949e-01,2.948024511337280273e+00
7.578901052474975586e-01,2.952448368072509766e+00
7.491326928138732910e-01,2.959674835205078125e+00
7.421324849128723145e-01,2.965758562088012695e+00
7.451657056808471680e-01,2.971261978149414062e+00
7.358101606369018555e-01,2.979205131530761719e+00
7.277641892433166504e-01,2.986138582229614258e+00
7.280542254447937012e-01,2.993313550949096680e+00
7.292869687080383301e-01,2.999244451522827148e+00
7.266920804977416992e-01,3.008212327957153320e+00
7.251591086387634277e-01,3.015990257263183594e+00
7.246074080467224121e-01,3.022574901580810547e+00
7.189444899559020996e-01,3.033474206924438477e+00
7.144038081169128418e-01,3.043098449707031250e+00
7.084421515464782715e-01,3.053785562515258789e+00
1.004626870155334473e+00,2.628252029418945312e+00
9.053933620452880859e-01,2.660958290100097656e+00
8.923050761222839355e-01,2.669118165969848633e+00
1.000022768974304199e+00,2.682785749435424805e+00
1.072406530380249023e+00,2.683989048004150391e+00
1.004680514335632324e+00,2.698171854019165039e+00
9.658166170120239258e-01,2.707073211669921875e+00
9.446376562118530273e-01,2.714896678924560547e+00
9.828601479530334473e-01,2.719447135925292969e+00
9.389360547065734863e-01,2.729147672653198242e+00
9.082107543945312500e-01,2.736359119415283203e+00
8.866483569145202637e-01,2.743299484252929688e+00
8.756796121597290039e-01,2.748389005661010742e+00
8.717356920242309570e-01,2.753293752670288086e+00
8.707616329193115234e-01,2.758898258209228516e+00
8.538060188293457031e-01,2.767699241638183594e+00
8.418995141983032227e-01,2.775023460388183594e+00
8.359692692756652832e-01,2.783376693725585938e+00
8.338059186935424805e-01,2.790517091751098633e+00
8.357927203178405762e-01,2.795654773712158203e+00
8.456095457077026367e-01,2.802085876464843750e+00
8.572984933853149414e-01,2.807650566101074219e+00
8.696798086166381836e-01,2.811225652694702148e+00
8.618357777595520020e-01,2.818078279495239258e+00
8.627319931983947754e-01,2.824584960937500000e+00
8.660557270050048828e-01,2.831402778625488281e+00
8.720790743827819824e-01,2.837298870086669922e+00
8.790990114212036133e-01,2.841571331024169922e+00
8.674530982971191406e-01,2.849494934082031250e+00
8.587133884429931641e-01,2.856477499008178711e+00
8.521355986595153809e-01,2.862345218658447266e+00
8.479843735694885254e-01,2.867600917816162109e+00
8.384016156196594238e-01,2.875372886657714844e+00
8.309109807014465332e-01,2.881987333297729492e+00
8.255977034568786621e-01,2.888141870498657227e+00
8.270552158355712891e-01,2.894941091537475586e+00
8.295402526855468750e-01,2.900322675704956055e+00
8.201746344566345215e-01,2.908033370971679688e+00
8.122130632400512695e-01,2.914664268493652344e+00
8.064347505569458008e-01,2.921355724334716797e+00
7.977563738822937012e-01,2.929051160812377930e+00
7.963001728057861328e-01,2.936988353729248047e+00
7.958484888076782227e-01,2.943705081939697266e+00
7.919280529022216797e-01,2.953136205673217773e+00
7.889987230300903320e-01,2.961552143096923828e+00
7.871237397193908691e-01,2.968765020370483398e+00
7.821934223175048828e-01,2.978483438491821289e+00
7.782754898071289062e-01,2.987069368362426758e+00
7.730121016502380371e-01,2.996683597564697266e+00
7.665085792541503906e-01,3.007245063781738281e+00
8.734601140022277832e-01,2.636717319488525391e+00
9.023907184600830078e-01,2.633239269256591797e+00
8.056100010871887207e-01,2.658937215805053711e+00
7.697942852973937988e-01,2.670935153961181641e+00
7.893046140670776367e-01,2.675497055053710938e+00
8.121626973152160645e-01,2.676094055175781250e+00
8.907576799392700195e-01,2.677958965301513672e+00
8.548928499221801758e-01,2.686518669128417969e+00
8.343365192413330078e-01,2.692509651184082031e+00
8.391283154487609863e-01,2.698353767395019531e+00
8.464111089706420898e-01,2.705755472183227539e+00
8.800815939903259277e-01,2.712874412536621094e+00
9.115412235260009766e-01,2.716211080551147461e+00
8.951908349990844727e-01,2.723176240921020508e+00
8.835850954055786133e-01,2.729090452194213867e+00
8.786919116973876953e-01,2.736616373062133789e+00
8.777235150337219238e-01,2.742100000381469727e+00
8.807047009468078613e-01,2.746563911437988281e+00
8.983403444290161133e-01,2.750605344772338867e+00
8.911182284355163574e-01,2.758499383926391602e+00
8.862224817276000977e-01,2.764818906784057617e+00
8.850466012954711914e-01,2.770902156829833984e+00
8.880121707916259766e-01,2.777368545532226562e+00
8.940566182136535645e-01,2.783881425857543945e+00
9.023584723472595215e-01,2.789480924606323242e+00
9.115978479385375977e-01,2.793352603912353516e+00
9.029412269592285156e-01,2.800550460815429688e+00
9.051423072814941406e-01,2.806460857391357422e+00
9.093785285949707031e-01,2.812524795532226562e+00
9.147275090217590332e-01,2.817329168319702148e+00
9.028777480125427246e-01,2.825344562530517578e+00
8.935379981994628906e-01,2.832638978958129883e+00
8.862615227699279785e-01,2.838687896728515625e+00
8.813000321388244629e-01,2.844246387481689453e+00
8.832238316535949707e-01,2.850564241409301758e+00
8.748749494552612305e-01,2.857493400573730469e+00
8.690062761306762695e-01,2.864567041397094727e+00
8.694626688957214355e-01,2.871467113494873047e+00
8.707348704338073730e-01,2.877252578735351562e+00
8.622520565986633301e-01,2.884498596191406250e+00
8.556150794029235840e-01,2.892096996307373047e+00
8.545762300491333008e-01,2.899296760559082031e+00
8.544898629188537598e-01,2.905345916748046875e+00
8.491866588592529297e-01,2.915654182434082031e+00
8.450883626937866211e-01,2.924809455871582031e+00
8.420022130012512207e-01,2.932825565338134766e+00
8.359206914901733398e-01,2.943335294723510742e+00
8.308618664741516113e-01,2.952709197998046875e+00
8.267761468887329102e-01,2.961030006408691406e+00
8.199054002761840820e-01,2.971673011779785156e+00
5.968252420425415039e-01,2.630811691284179688e+00
6.375167369842529297e-01,2.637221813201904297e+00
7.158173918724060059e-01,2.634384870529174805e+00
7.694697380065917969e-01,2.631112575531005859e+00
7.395999431610107422e-01,2.642012596130371094e+00
7.264618873596191406e-01,2.647866010665893555e+00
7.481473088264465332e-01,2.652796506881713867e+00
7.715482711791992188e-01,2.657420158386230469e+00
7.965269684791564941e-01,2.658639430999755859e+00
8.492704629898071289e-01,2.665225982666015625e+00
8.959446549415588379e-01,2.667434453964233398e+00
8.766221404075622559e-01,2.674981117248535156e+00
8.837392330169677734e-01,2.680748224258422852e+00
8.913002014160156250e-01,2.686036348342895508e+00
9.152724742889404297e-01,2.693076133728027344e+00
9.386590123176574707e-01,2.697051048278808594e+00
9.316837787628173828e-01,2.706179141998291016e+00
9.274340867996215820e-01,2.712790012359619141e+00
9.310336112976074219e-01,2.718350172042846680e+00
9.393349885940551758e-01,2.724611759185791016e+00
9.506105780601501465e-01,2.730960607528686523e+00
9.626826643943786621e-01,2.735182523727416992e+00
9.581036567687988281e-01,2.741976976394653320e+00
9.614532589912414551e-01,2.748563051223754883e+00
9.670306444168090820e-01,2.755486726760864258e+00
9.738028049468994141e-01,2.760689973831176758e+00
9.602378606796264648e-01,2.769572734832763672e+00
9.498972892761230469e-01,2.777580738067626953e+00
9.421506524085998535e-01,2.784056663513183594e+00
9.370933771133422852e-01,2.789853096008300781e+00
9.405096173286437988e-01,2.796110868453979492e+00
9.317414164543151855e-01,2.803382873535156250e+00
9.254471659660339355e-01,2.810696601867675781e+00
9.260773062705993652e-01,2.818352222442626953e+00
9.279606342315673828e-01,2.824453592300415039e+00
9.190981984138488770e-01,2.831994056701660156e+00
9.121359586715698242e-01,2.839899539947509766e+00
9.114657044410705566e-01,2.847460985183715820e+00
9.099288582801818848e-01,2.855465650558471680e+00
9.056355357170104980e-01,2.865624904632568359e+00
9.025034308433532715e-01,2.874441862106323242e+00
8.968372344970703125e-01,2.885277032852172852e+00
8.923418521881103516e-01,2.894775152206420898e+00
8.855751156806945801e-01,2.906116247177124023e+00
8.061277270317077637e-01,2.501429557800292969e+00
8.037904500961303711e-01,2.528478622436523438e+00
8.285314440727233887e-01,2.538446664810180664e+00
8.035112023353576660e-01,2.556457996368408203e+00
8.070842027664184570e-01,2.567128419876098633e+00
8.427801728248596191e-01,2.577165126800537109e+00
8.767771720886230469e-01,2.584922075271606445e+00
9.091738462448120117e-01,2.592055559158325195e+00
9.633176326751708984e-01,2.599251985549926758e+00
9.482229351997375488e-01,2.608591556549072266e+00
9.410520792007446289e-01,2.615526676177978516e+00
9.401646256446838379e-01,2.620353698730468750e+00
9.470382332801818848e-01,2.625317096710205078e+00
9.558977484703063965e-01,2.629269361495971680e+00
9.682711362838745117e-01,2.632737159729003906e+00
9.905307888984680176e-01,2.638504743576049805e+00
9.822735786437988281e-01,2.644559860229492188e+00
9.843665361404418945e-01,2.650059938430786133e+00
9.944620728492736816e-01,2.657011270523071289e+00
1.007267355918884277e+00,2.663763999938964844e+00
1.020727276802062988e+00,2.668214321136474609e+00
1.012072920799255371e+00,2.676810264587402344e+00
1.005352020263671875e+00,2.683918714523315430e+00
1.012568116188049316e+00,2.691214323043823242e+00
1.020799517631530762e+00,2.696481704711914062e+00
1.010404109954833984e+00,2.704892873764038086e+00
1.013984322547912598e+00,2.713112115859985352e+00
1.018771886825561523e+00,2.719356775283813477e+00
1.009052634239196777e+00,2.728782892227172852e+00
1.010024905204772949e+00,2.737385988235473633e+00
1.012154102325439453e+00,2.744420766830444336e+00
1.010424137115478516e+00,2.754397869110107422e+00
1.009728312492370605e+00,2.762922763824462891e+00
1.006024718284606934e+00,2.773737668991088867e+00
1.003679275512695312e+00,2.782891511917114258e+00
9.406108856201171875e-01,2.360886812210083008e+00
8.772403597831726074e-01,2.425932407379150391e+00
8.741691708564758301e-01,2.446023702621459961e+00
8.928034305572509766e-01,2.460037469863891602e+00
8.914753198623657227e-01,2.478773117065429688e+00
8.993371129035949707e-01,2.490791559219360352e+00
9.163557291030883789e-01,2.497295856475830078e+00
9.377476572990417480e-01,2.506641387939453125e+00
9.250642061233520508e-01,2.519721031188964844e+00
9.207609891891479492e-01,2.530213832855224609e+00
9.223518371582031250e-01,2.538659811019897461e+00
9.309527873992919922e-01,2.546789646148681641e+00
9.429006576538085938e-01,2.552388906478881836e+00
9.573029875755310059e-01,2.556901454925537109e+00
9.891688823699951172e-01,2.561392545700073242e+00
1.019325613975524902e+00,2.563278675079345703e+00
1.007465839385986328e+00,2.570145130157470703e+00
9.998570680618286133e-01,2.576550483703613281e+00
9.961992502212524414e-01,2.581544876098632812e+00
9.973890185356140137e-01,2.587239742279052734e+00
1.001096725463867188e+00,2.591482400894165039e+00
1.007315635681152344e+00,2.595606803894042969e+00
1.021120786666870117e+00,2.601243734359741211e+00
1.018833756446838379e+00,2.607357978820800781e+00
1.017809271812438965e+00,2.612709045410156250e+00
1.026813149452209473e+00,2.619616985321044922e+00
1.036625504493713379e+00,2.624678611755371094e+00
1.041779279708862305e+00,2.633050680160522461e+00
1.047925233840942383e+00,2.639579534530639648e+00
1.050012588500976562e+00,2.649089813232421875e+00
1.053208708763122559e+00,2.656842231750488281e+00
1.052324771881103516e+00,2.667613744735717773e+00
1.052929043769836426e+00,2.676485300064086914e+00
1.048044800758361816e+00,2.689783334732055664e+00
1.044525861740112305e+00,2.701328039169311523e+00
9.599792361259460449e-01,2.295155286788940430e+00
9.861191511154174805e-01,2.296654701232910156e+00
1.018780708312988281e+00,2.292989730834960938e+00
1.001015782356262207e+00,2.307116985321044922e+00
9.765278100967407227e-01,2.329441547393798828e+00
9.688569903373718262e-01,2.343723535537719727e+00
9.743505120277404785e-01,2.357784032821655273e+00
9.564442634582519531e-01,2.372853279113769531e+00
9.479639530181884766e-01,2.385956048965454102e+00
9.610121846199035645e-01,2.395483255386352539e+00
9.795585870742797852e-01,2.405757188796997070e+00
9.997481703758239746e-01,2.412826538085937500e+00
1.021687030792236328e+00,2.418337345123291016e+00
1.045278429985046387e+00,2.423561811447143555e+00
1.042074918746948242e+00,2.431832790374755859e+00
1.046201109886169434e+00,2.438718795776367188e+00
1.052725315093994141e+00,2.445436000823974609e+00
1.061887741088867188e+00,2.450807094573974609e+00
1.072919607162475586e+00,2.455185413360595703e+00
1.094616651535034180e+00,2.460372447967529297e+00
1.116050481796264648e+00,2.463414430618286133e+00
1.105565905570983887e+00,2.470742940902709961e+00
1.098302960395812988e+00,2.477298498153686523e+00
1.094625353813171387e+00,2.482971191406250000e+00
1.095064878463745117e+00,2.488653182983398438e+00
1.106643319129943848e+00,2.495112180709838867e+00
1.118831753730773926e+00,2.499902009963989258e+00
1.131439805030822754e+00,2.503180980682373047e+00
1.122484326362609863e+00,2.509371280670166016e+00
1.116039395332336426e+00,2.514647722244262695e+00
1.122765660285949707e+00,2.521441936492919922e+00
1.130375862121582031e+00,2.526656150817871094e+00
1.122301340103149414e+00,2.533409357070922852e+00
1.126079916954040527e+00,2.541005373001098633e+00
1.128663539886474609e+00,2.549181461334228516e+00
1.128102540969848633e+00,2.559695720672607422e+00
1.128613471984863281e+00,2.568676710128784180e+00
1.126040816307067871e+00,2.579948902130126953e+00
1.124567031860351562e+00,2.589787721633911133e+00
1.121385574340820312e+00,2.600734710693359375e+00
1.017434477806091309e+00,2.215064048767089844e+00
1.050946950912475586e+00,2.222379684448242188e+00
1.083161473274230957e+00,2.220331430435180664e+00
1.066906929016113281e+00,2.235517501831054688e+00
1.067984342575073242e+00,2.240001916885375977e+00
1.082366347312927246e+00,2.247489213943481445e+00
1.056734442710876465e+00,2.265456914901733398e+00
1.059871673583984375e+00,2.274819374084472656e+00
1.041716098785400391e+00,2.288860321044921875e+00
1.033432245254516602e+00,2.303019285202026367e+00
1.032005190849304199e+00,2.313733100891113281e+00
1.036131024360656738e+00,2.323033571243286133e+00
1.043673515319824219e+00,2.331942558288574219e+00
1.066035389900207520e+00,2.338910579681396484e+00
1.089519143104553223e+00,2.343028783798217773e+00
1.077059507369995117e+00,2.352350234985351562e+00
1.069374799728393555e+00,2.360052585601806641e+00
1.066073894500732422e+00,2.366756439208984375e+00
1.066265463829040527e+00,2.371912717819213867e+00
1.071154832839965820e+00,2.377564191818237305e+00
1.078830003738403320e+00,2.382629394531250000e+00
1.088459372520446777e+00,2.386666297912597656e+00
1.099540114402770996e+00,2.390245914459228516e+00
1.119559288024902344e+00,2.394483327865600586e+00
1.112373232841491699e+00,2.400725603103637695e+00
1.107966065406799316e+00,2.406504631042480469e+00
1.110110759735107422e+00,2.411638021469116211e+00
1.114196181297302246e+00,2.416084289550781250e+00
1.127751469612121582e+00,2.421012639999389648e+00
1.141656398773193359e+00,2.424464225769042969e+00
1.133417725563049316e+00,2.431000709533691406e+00
1.127297878265380859e+00,2.436910867691040039e+00
1.123793601989746094e+00,2.442183494567871094e+00
1.122422814369201660e+00,2.447270154953002930e+00
1.131494760513305664e+00,2.452229738235473633e+00
1.140956282615661621e+00,2.456107378005981445e+00
1.133531928062438965e+00,2.462223052978515625e+00
1.128378272056579590e+00,2.467993974685668945e+00
1.130914926528930664e+00,2.474135398864746094e+00
1.135708093643188477e+00,2.480411052703857422e+00
1.141298651695251465e+00,2.485501289367675781e+00
1.144876599311828613e+00,2.492006778717041016e+00
1.145710229873657227e+00,2.500592231750488281e+00
1.147412776947021484e+00,2.507959127426147461e+00
1.146545886993408203e+00,2.517308473587036133e+00
1.146584510803222656e+00,2.525448560714721680e+00
1.144170999526977539e+00,2.535446882247924805e+00
1.142591476440429688e+00,2.544359445571899414e+00
1.138877511024475098e+00,2.554941654205322266e+00
1.159199953079223633e+00,2.159358739852905273e+00
1.182874441146850586e+00,2.157471179962158203e+00
1.152864098548889160e+00,2.176275014877319336e+00
1.150825142860412598e+00,2.178828954696655273e+00
1.164430379867553711e+00,2.185759067535400391e+00
1.139775872230529785e+00,2.203151941299438477e+00
1.129164338111877441e+00,2.210694551467895508e+00
1.132224798202514648e+00,2.219661235809326172e+00
1.174375176429748535e+00,2.228021860122680664e+00
1.213764786720275879e+00,2.233768701553344727e+00
1.191159605979919434e+00,2.242857694625854492e+00
1.186982274055480957e+00,2.253722667694091797e+00
1.197268366813659668e+00,2.262930870056152344e+00
1.208820939064025879e+00,2.270711183547973633e+00
1.224132657051086426e+00,2.276497602462768555e+00
1.240354299545288086e+00,2.279475927352905273e+00
1.259855985641479492e+00,2.283301353454589844e+00
1.243836164474487305e+00,2.291620969772338867e+00
1.231645822525024414e+00,2.298084974288940430e+00
1.224229574203491211e+00,2.303739547729492188e+00
1.221006751060485840e+00,2.307936668395996094e+00
1.221239447593688965e+00,2.313262939453125000e+00
1.229592561721801758e+00,2.316720485687255859e+00
1.240802168846130371e+00,2.320111513137817383e+00
1.257298827171325684e+00,2.324295759201049805e+00
1.273976445198059082e+00,2.326826572418212891e+00
1.262658119201660156e+00,2.332936525344848633e+00
1.253489494323730469e+00,2.338129758834838867e+00
1.247097730636596680e+00,2.342498064041137695e+00
1.244899272918701172e+00,2.346917152404785156e+00
1.244104981422424316e+00,2.350804090499877930e+00
1.245817184448242188e+00,2.354564428329467773e+00
1.248900175094604492e+00,2.357946395874023438e+00
1.238639831542968750e+00,2.364311456680297852e+00
1.230206727981567383e+00,2.369645595550537109e+00
1.223794460296630859e+00,2.374686241149902344e+00
1.221985697746276855e+00,2.379596948623657227e+00
1.221937656402587891e+00,2.383828163146972656e+00
1.223789930343627930e+00,2.388225317001342773e+00
1.231003284454345703e+00,2.392378330230712891e+00
1.238663077354431152e+00,2.395605802536010742e+00
1.230233073234558105e+00,2.401093721389770508e+00
1.226835370063781738e+00,2.406162261962890625e+00
1.226806998252868652e+00,2.411242008209228516e+00
1.228358507156372070e+00,2.416309118270874023e+00
1.231948733329772949e+00,2.421475887298583984e+00
1.236232519149780273e+00,2.425852060317993164e+00
1.241133213043212891e+00,2.429304838180541992e+00
1.233348369598388672e+00,2.434437036514282227e+00
1.233299136161804199e+00,2.439860105514526367e+00
1.236581206321716309e+00,2.444177865982055664e+00
1.236908078193664551e+00,2.450884819030761719e+00
1.237946391105651855e+00,2.456705093383789062e+00
1.236892223358154297e+00,2.464205980300903320e+00
1.236588597297668457e+00,2.470784664154052734e+00
1.234275817871093750e+00,2.478957891464233398e+00
1.232688546180725098e+00,2.486264944076538086e+00
1.229260921478271484e+00,2.495049476623535156e+00
1.226603984832763672e+00,2.502934694290161133e+00
1.238792300224304199e+00,2.086882829666137695e+00
1.261422157287597656e+00,2.084704399108886719e+00
1.231567502021789551e+00,2.106902122497558594e+00
1.227972984313964844e+00,2.111156463623046875e+00
1.237537622451782227e+00,2.112657546997070312e+00
1.214092850685119629e+00,2.130715131759643555e+00
1.203712105751037598e+00,2.139402627944946289e+00
1.205358028411865234e+00,2.147007226943969727e+00
1.246689438819885254e+00,2.156124114990234375e+00
1.225644230842590332e+00,2.168151378631591797e+00
1.212054610252380371e+00,2.175824403762817383e+00
1.206346869468688965e+00,2.185446500778198242e+00
1.207492947578430176e+00,2.193472146987915039e+00
1.228963971138000488e+00,2.199953556060791016e+00
1.250826716423034668e+00,2.203673124313354492e+00
1.237784385681152344e+00,2.214176893234252930e+00
1.236691474914550781e+00,2.220999479293823242e+00
1.240195751190185547e+00,2.229019403457641602e+00
1.247128963470458984e+00,2.235512495040893555e+00
1.256300687789916992e+00,2.240624427795410156e+00
1.267029762268066406e+00,2.245155334472656250e+00
1.280515789985656738e+00,2.249149799346923828e+00
1.299894213676452637e+00,2.253867387771606445e+00
1.288859486579895020e+00,2.260713815689086914e+00
1.280311703681945801e+00,2.266571998596191406e+00
1.274990320205688477e+00,2.271511316299438477e+00
1.274088025093078613e+00,2.276865482330322266e+00
1.279034614562988281e+00,2.280914545059204102e+00
1.291942477226257324e+00,2.285879373550415039e+00
1.305247545242309570e+00,2.289357185363769531e+00
1.294120669364929199e+00,2.296178340911865234e+00
1.285323739051818848e+00,2.301813602447509766e+00
1.278796076774597168e+00,2.306852340698242188e+00
1.277580142021179199e+00,2.311922311782836914e+00
1.277885913848876953e+00,2.316605567932128906e+00
1.280090570449829102e+00,2.321117639541625977e+00
1.269774079322814941e+00,2.327938079833984375e+00
1.261105895042419434e+00,2.333876371383666992e+00
1.254452228546142578e+00,2.339457988739013672e+00
1.255857110023498535e+00,2.345485210418701172e+00
1.261967182159423828e+00,2.350716114044189453e+00
1.268700718879699707e+00,2.354848146438598633e+00
1.259678125381469727e+00,2.361012935638427734e+00
1.252313494682312012e+00,2.366589784622192383e+00
1.254385232925415039e+00,2.372432231903076172e+00
1.258347034454345703e+00,2.377944231033325195e+00
1.262901425361633301e+00,2.382514715194702148e+00
1.253751873970031738e+00,2.388967275619506836e+00
1.245542764663696289e+00,2.394774675369262695e+00
1.247146844863891602e+00,2.401208639144897461e+00
1.247281789779663086e+00,2.408914804458618164e+00
1.248188853263854980e+00,2.415632963180541992e+00
1.246915817260742188e+00,2.424043416976928711e+00
1.246362924575805664e+00,2.431540012359619141e+00
1.243843078613281250e+00,2.440582275390625000e+00
1.242100119590759277e+00,2.448672056198120117e+00
1.238464117050170898e+00,2.458278417587280273e+00
1.308598279953002930e+00,2.080323696136474609e+00
1.334028244018554688e+00,2.077568054199218750e+00
1.303917288780212402e+00,2.103103399276733398e+00
1.300199747085571289e+00,2.109284400939941406e+00
1.309317946434020996e+00,2.111258029937744141e+00
1.285299420356750488e+00,2.129809141159057617e+00
1.275109529495239258e+00,2.138462781906127930e+00
1.276221990585327148e+00,2.145877599716186523e+00
1.309511661529541016e+00,2.155123949050903320e+00
1.289037585258483887e+00,2.166918277740478516e+00
1.276981234550476074e+00,2.176271200180053711e+00
1.272285103797912598e+00,2.186409950256347656e+00
1.272699475288391113e+00,2.195374488830566406e+00
1.290054559707641602e+00,2.201773166656494141e+00
1.307908535003662109e+00,2.205547571182250977e+00
1.295497179031372070e+00,2.215346336364746094e+00
1.295324921607971191e+00,2.221723794937133789e+00
1.299668788909912109e+00,2.229696273803710938e+00
1.306718707084655762e+00,2.235974073410034180e+00
1.315983533859252930e+00,2.241209268569946289e+00
1.327579617500305176e+00,2.246068239212036133e+00
1.345705151557922363e+00,2.251146316528320312e+00
1.363897204399108887e+00,2.254267930984497070e+00
1.350243210792541504e+00,2.261947870254516602e+00
1.340086460113525391e+00,2.268057584762573242e+00
1.332430362701416016e+00,2.273167610168457031e+00
1.333840489387512207e+00,2.277851819992065430e+00
1.336635589599609375e+00,2.282049179077148438e+00
1.342274188995361328e+00,2.286110162734985352e+00
1.352651000022888184e+00,2.290740251541137695e+00
1.363574981689453125e+00,2.293952226638793945e+00
1.351109981536865234e+00,2.300583839416503906e+00
1.340864300727844238e+00,2.306075811386108398e+00
1.333133220672607422e+00,2.310770034790039062e+00
1.327834010124206543e+00,2.315668344497680664e+00
1.327187895774841309e+00,2.320237636566162109e+00
1.335062503814697266e+00,2.323950052261352539e+00
1.323529839515686035e+00,2.330560922622680664e+00
1.313709259033203125e+00,2.336271762847900391e+00
1.305774450302124023e+00,2.341417789459228516e+00
1.302284836769104004e+00,2.346421480178833008e+00
1.300360560417175293e+00,2.351403951644897461e+00
1.305126547813415527e+00,2.356296062469482422e+00
1.310575366020202637e+00,2.360119104385375977e+00
1.302235364913940430e+00,2.365488529205322266e+00
1.295719385147094727e+00,2.370787620544433594e+00
1.294441223144531250e+00,2.376515865325927734e+00
1.297367095947265625e+00,2.381767988204956055e+00
1.300957679748535156e+00,2.386084318161010742e+00
1.291290283203125000e+00,2.392081975936889648e+00
1.283061146736145020e+00,2.398120880126953125e+00
1.284689664840698242e+00,2.403754711151123047e+00
1.286882638931274414e+00,2.408599138259887695e+00
1.286267042160034180e+00,2.415744543075561523e+00
1.286331176757812500e+00,2.422055244445800781e+00
1.284451603889465332e+00,2.429908514022827148e+00
1.283311128616333008e+00,2.436873435974121094e+00
1.280291557312011719e+00,2.445360660552978516e+00
1.276794433593750000e+00,2.454104185104370117e+00
1.272189497947692871e+00,2.463694095611572266e+00
1.315241098403930664e+00,2.087229251861572266e+00
1.336673736572265625e+00,2.085425853729248047e+00
1.306887030601501465e+00,2.110117673873901367e+00
1.302990913391113281e+00,2.115360498428344727e+00
1.312229752540588379e+00,2.115291595458984375e+00
1.288953304290771484e+00,2.133091926574707031e+00
1.279041886329650879e+00,2.142467498779296875e+00
1.278915405273437500e+00,2.152530908584594727e+00
1.311056375503540039e+00,2.160665512084960938e+00
1.297051668167114258e+00,2.172827959060668945e+00
1.290620326995849609e+00,2.182502985000610352e+00
1.290738582611083984e+00,2.189693689346313477e+00
1.295750856399536133e+00,2.196661949157714844e+00
1.307294964790344238e+00,2.204313039779663086e+00
1.320428013801574707e+00,2.210323095321655273e+00
1.334982395172119141e+00,2.214768409729003906e+00
1.321687579154968262e+00,2.223930358886718750e+00
1.319041728973388672e+00,2.229411363601684570e+00
1.322913527488708496e+00,2.235909461975097656e+00
1.328698873519897461e+00,2.241131305694580078e+00
1.336730837821960449e+00,2.245041370391845703e+00
1.346833705902099609e+00,2.248797655105590820e+00
1.363345980644226074e+00,2.253545522689819336e+00
1.349763870239257812e+00,2.261220693588256836e+00
1.339229941368103027e+00,2.267365932464599609e+00
1.332195520401000977e+00,2.272352218627929688e+00
1.327497959136962891e+00,2.277187108993530273e+00
1.339199304580688477e+00,2.282434940338134766e+00
1.351349830627441406e+00,2.286163330078125000e+00
1.338522672653198242e+00,2.293464422225952148e+00
1.328032016754150391e+00,2.299490213394165039e+00
1.319941878318786621e+00,2.304785966873168945e+00
1.317123770713806152e+00,2.310291767120361328e+00
1.324914574623107910e+00,2.315599918365478516e+00
1.333329677581787109e+00,2.319646358489990234e+00
1.323937892913818359e+00,2.326054573059082031e+00
1.328674554824829102e+00,2.332642316818237305e+00
1.334384441375732422e+00,2.337692022323608398e+00
1.322792291641235352e+00,2.344912767410278320e+00
1.313312768936157227e+00,2.352037668228149414e+00
1.312851190567016602e+00,2.358376741409301758e+00
1.313180685043334961e+00,2.367159843444824219e+00
1.314293384552001953e+00,2.374856472015380859e+00
1.316276431083679199e+00,2.381359815597534180e+00
1.314904570579528809e+00,2.390548467636108398e+00
1.314420342445373535e+00,2.398587703704833984e+00
1.310048222541809082e+00,2.409888982772827148e+00
1.306675076484680176e+00,2.419976949691772461e+00
1.301923155784606934e+00,2.431061744689941406e+00
1.367404222488403320e+00,2.082153797149658203e+00
1.393221855163574219e+00,2.072012424468994141e+00
1.345250725746154785e+00,2.102222681045532227e+00
1.333612203598022461e+00,2.111620426177978516e+00
1.335665106773376465e+00,2.111920833587646484e+00
1.352320194244384766e+00,2.114652395248413086e+00
1.335096120834350586e+00,2.126050472259521484e+00
1.330848217010498047e+00,2.137226343154907227e+00
1.334341049194335938e+00,2.144407749176025391e+00
1.342722177505493164e+00,2.150335788726806641e+00
1.359252095222473145e+00,2.157617330551147461e+00
1.375973224639892578e+00,2.162522792816162109e+00
1.365638852119445801e+00,2.171747446060180664e+00
1.360015511512756348e+00,2.178427934646606445e+00
1.359246969223022461e+00,2.183824062347412109e+00
1.365432262420654297e+00,2.190456151962280273e+00
1.373563289642333984e+00,2.196222305297851562e+00
1.384137630462646484e+00,2.200970172882080078e+00
1.397038578987121582e+00,2.206006765365600586e+00
1.416967749595642090e+00,2.210417747497558594e+00
1.410056710243225098e+00,2.216087579727172852e+00
1.411304235458374023e+00,2.221567392349243164e+00
1.415508151054382324e+00,2.225765466690063477e+00
1.421522974967956543e+00,2.229590415954589844e+00
1.430437207221984863e+00,2.234253883361816406e+00
1.441835880279541016e+00,2.239020347595214844e+00
1.453782796859741211e+00,2.242143869400024414e+00
1.438796043395996094e+00,2.249113082885742188e+00
1.426934719085693359e+00,2.254990339279174805e+00
1.422512769699096680e+00,2.260359287261962891e+00
1.422873258590698242e+00,2.264547824859619141e+00
1.430195569992065430e+00,2.269490003585815430e+00
1.438129305839538574e+00,2.273159503936767578e+00
1.426163554191589355e+00,2.278977870941162109e+00
1.416085243225097656e+00,2.284262418746948242e+00
1.408794283866882324e+00,2.289961099624633789e+00
1.405810117721557617e+00,2.295200824737548828e+00
1.411428928375244141e+00,2.299474000930786133e+00
1.410109996795654297e+00,2.306139707565307617e+00
1.410566091537475586e+00,2.313018321990966797e+00
1.412778139114379883e+00,2.319261789321899414e+00
1.415997147560119629e+00,2.324193000793457031e+00
1.414906620979309082e+00,2.331123590469360352e+00
1.415339946746826172e+00,2.337912321090698242e+00
1.414208054542541504e+00,2.345842599868774414e+00
1.413931965827941895e+00,2.352705001831054688e+00
1.410554289817810059e+00,2.362122774124145508e+00
1.408113121986389160e+00,2.370427131652832031e+00
1.402802705764770508e+00,2.381153106689453125e+00
1.438215851783752441e+00,2.007797718048095703e+00
1.404803037643432617e+00,2.043730258941650391e+00
1.411752700805664062e+00,2.046099662780761719e+00
1.434551715850830078e+00,2.047840356826782227e+00
1.396508812904357910e+00,2.070251703262329102e+00
1.380316257476806641e+00,2.082225799560546875e+00
1.378198027610778809e+00,2.090771198272705078e+00
1.385264754295349121e+00,2.097032070159912109e+00
1.396764159202575684e+00,2.100485324859619141e+00
1.381951212882995605e+00,2.109499454498291016e+00
1.375060319900512695e+00,2.118946552276611328e+00
1.374105453491210938e+00,2.125185966491699219e+00
1.378382802009582520e+00,2.129884481430053711e+00
1.387311935424804688e+00,2.136412858963012695e+00
1.398774623870849609e+00,2.141098976135253906e+00
1.389024496078491211e+00,2.150642156600952148e+00
1.383161187171936035e+00,2.157633066177368164e+00
1.381275653839111328e+00,2.163047075271606445e+00
1.385321378707885742e+00,2.170246601104736328e+00
1.391020417213439941e+00,2.175870418548583984e+00
1.399299740791320801e+00,2.181131839752197266e+00
1.409729838371276855e+00,2.185657262802124023e+00
1.426515460014343262e+00,2.190379858016967773e+00
1.420478940010070801e+00,2.195959329605102539e+00
1.421036720275878906e+00,2.201464414596557617e+00
1.423540830612182617e+00,2.207020282745361328e+00
1.434785008430480957e+00,2.212618827819824219e+00
1.446561098098754883e+00,2.216579198837280273e+00
1.435005664825439453e+00,2.223487138748168945e+00
1.425618648529052734e+00,2.229202508926391602e+00
1.425570249557495117e+00,2.235038995742797852e+00
1.432937979698181152e+00,2.240804195404052734e+00
1.440810799598693848e+00,2.245334863662719727e+00
1.430450916290283203e+00,2.252430677413940430e+00
1.422558069229125977e+00,2.259217262268066406e+00
1.420966744422912598e+00,2.265683174133300781e+00
1.421302318572998047e+00,2.271881341934204102e+00
1.426587462425231934e+00,2.276767253875732422e+00
1.426304459571838379e+00,2.283397197723388672e+00
1.428283333778381348e+00,2.290404796600341797e+00
1.431161880493164062e+00,2.296170473098754883e+00
1.431217312812805176e+00,2.304153919219970703e+00
1.432225108146667480e+00,2.310894489288330078e+00
1.429837465286254883e+00,2.320366621017456055e+00
1.425967693328857422e+00,2.330933809280395508e+00
1.423066020011901855e+00,2.340314865112304688e+00
1.417964220046997070e+00,2.351447820663452148e+00
1.446241497993469238e+00,2.019699811935424805e+00
1.465493440628051758e+00,2.015511989593505859e+00
1.435533881187438965e+00,2.036082029342651367e+00
1.434531807899475098e+00,2.041894435882568359e+00
1.449250340461730957e+00,2.048850536346435547e+00
1.468144059181213379e+00,2.050428628921508789e+00
1.445351839065551758e+00,2.062753677368164062e+00
1.435359954833984375e+00,2.071734905242919922e+00
1.435562849044799805e+00,2.078864574432373047e+00
1.441286683082580566e+00,2.084048032760620117e+00
1.452291011810302734e+00,2.087405204772949219e+00
1.440976262092590332e+00,2.097867250442504883e+00
1.434940457344055176e+00,2.106019020080566406e+00
1.433998465538024902e+00,2.111927509307861328e+00
1.439788103103637695e+00,2.118771553039550781e+00
1.447087526321411133e+00,2.123982667922973633e+00
1.435484528541564941e+00,2.134199857711791992e+00
1.428024053573608398e+00,2.142279386520385742e+00
1.423679590225219727e+00,2.148800373077392578e+00
1.425137162208557129e+00,2.156003952026367188e+00
1.428738594055175781e+00,2.161503553390502930e+00
1.434950470924377441e+00,2.166627645492553711e+00
1.443861365318298340e+00,2.171730518341064453e+00
1.458556175231933594e+00,2.176818132400512695e+00
1.455056667327880859e+00,2.183610916137695312e+00
1.454158186912536621e+00,2.189309835433959961e+00
1.455500483512878418e+00,2.194680452346801758e+00
1.465242147445678711e+00,2.200503110885620117e+00
1.475582480430603027e+00,2.204738616943359375e+00
1.472510457038879395e+00,2.211311101913452148e+00
1.470978021621704102e+00,2.217241048812866211e+00
1.472008943557739258e+00,2.225866317749023438e+00
1.475076675415039062e+00,2.234230518341064453e+00
1.479416847229003906e+00,2.240802764892578125e+00
1.480183362960815430e+00,2.250052213668823242e+00
1.480017185211181641e+00,2.259607791900634766e+00
1.475873231887817383e+00,2.272255659103393555e+00
1.472958087921142578e+00,2.283407688140869141e+00
