nan
nan
nan
nan
nan
nan
nan
nan
nan
nan
nan
nan
nan
nan
nan
nan
nan
nan
nan
nan
nan
nan
nan
nan
nan
nan
nan
nan
nan
nan
nan
nan
nan
nan
nan
nan
nan
nan
nan
nan
nan
nan
nan
nan
nan
nan
nan
nan
nan
nan
nan
nan
nan
nan
nan
nan
nan
nan
nan
nan
nan
nan
nan
nan
nan
nan
nan
nan
nan
nan
nan
nan
nan
nan
nan
nan
nan
nan
nan
nan
nan
nan
nan
nan
nan
nan
nan
nan
nan
nan
nan
nan
nan
nan
nan
nan
13.050886083710342
13.050886083710342
2.742119642603567
2.742119642603567
0.1609014415148881
0.1609014415148881
2.6257197440072026
2.6257197440072026
0.5339094154844638
0.5339094154844638
2.095554962832546
2.095554962832546
0.12940622208767968
0.12940622208767968
2.504411985388001
0.2738457356505483
1.7811746277269895
0.10468474442359302
1.509438293199653
1.509438293199653
2.08433108208791
2.08433108208791
1.5322835979572753
1.5322835979572753
1.7959863370251874
1.7959863370251874
0.8292921755299446
1.7450448260774511
1.3277768740571063
1.3277768740571063
1.3277768740571063
1.3277768740571063
1.3277768740571063
1.3277768740571063
1.3277768740571063
1.3277768740571063
1.3277768740571063
1.3277768740571063
1.3277768740571063
nan
nan
1.3277768740571063
nan
nan
1.3277768740571063
nan
nan
nan
nan
nan
nan
nan
nan
nan
nan
nan
nan
nan
nan
nan
nan
nan
nan
nan
nan
nan
nan
nan
nan
nan
nan
nan
nan
nan
nan
nan
nan
nan
nan
nan
nan
nan
nan
nan
nan
nan
nan
nan
nan
nan
nan
nan
nan
nan
nan
nan
nan
nan
nan
nan
nan
nan
nan
nan
nan
nan
nan
nan
nan
nan
nan
nan
nan
nan
nan
nan
nan
nan
nan
nan
nan
nan
nan
nan
nan
nan
nan
nan
nan
nan
nan
nan
nan
nan
nan
nan
nan
nan
0.9225750396206
0.9225750396206
0.9225750396206
0.9225750396206
2.266320659540769
2.266320659540769
0.12199885874178541
0.12199885874178541
0.10096689043946133
0.7005492442299828
1.1014892491965882
1.1014892491965882
1.30161934812237
1.0752155878329384
1.2068450574913012
0.5421876038639921
0.1661608456360188
1.3052774068629596
2.4397874205466485
1.6633422405822795
1.4358416501830549
1.4358416501830549
1.6810179979941182
1.038905808212025
1.038905808212025
1.038905808212025
1.038905808212025
1.038905808212025
1.038905808212025
1.038905808212025
1.038905808212025
1.038905808212025
1.038905808212025
1.038905808212025
1.038905808212025
1.038905808212025
1.038905808212025
1.038905808212025
1.038905808212025
1.038905808212025
1.038905808212025
1.038905808212025
1.038905808212025
1.038905808212025
1.038905808212025
nan
nan
nan
nan
nan
nan
nan
nan
nan
nan
nan
nan
nan
nan
nan
nan
nan
nan
nan
nan
nan
nan
nan
nan
nan
nan
nan
nan
nan
nan
nan
nan
nan
nan
nan
nan
nan
nan
nan
nan
nan
nan
nan
nan
nan
nan
nan
nan
nan
nan
nan
nan
nan
nan
nan
nan
nan
nan
nan
nan
nan
nan
nan
nan
nan
nan
nan
nan
nan
nan
nan
nan
nan
nan
nan
nan
nan
nan
nan
nan
nan
nan
nan
nan
nan
nan
nan
nan
nan
nan
nan
nan
nan
nan
nan
nan
nan
nan
nan
nan
1.186786241456177
1.186786241456177
1.186786241456177
1.186786241456177
0.30102875356541076
0.30102875356541076
0.5036432538763613
0.5036432538763613
0.5036432538763613
0.5036432538763613
1.136846165424423
1.136846165424423
0.5955637543496809
0.5955637543496809
2.143567666755819
2.143567666755819
1.031854049773744
1.896810250114436
0.7875811819645628
0.7875811819645628
2.0541786850947545
2.0541786850947545
1.4781726353969808
1.4781726353969808
0.586463203027413
0.586463203027413
1.4199167044062078
1.4199167044062078
0.7866327117767424
0.7866327117767424
0.5761050130066611
0.5761050130066611
1.6018462568363898
1.6018462568363898
0.6068360808473415
0.6068360808473415
0.08522220120421826
0.08522220120421826
0.04565578933055726
0.04565578933055726
0.04565578933055726
0.04565578933055726
0.04565578933055726
0.04565578933055726
0.04565578933055726
0.04565578933055726
0.04565578933055726
0.04565578933055726
0.04565578933055726
0.04565578933055726
0.04565578933055726
0.04565578933055726
0.04565578933055726
0.04565578933055726
0.04565578933055726
0.04565578933055726
0.04565578933055726
0.04565578933055726
0.04565578933055726
0.04565578933055726
0.04565578933055726
0.04565578933055726
0.04565578933055726
0.04565578933055726
0.04565578933055726
0.04565578933055726
0.04565578933055726
0.04565578933055726
0.04565578933055726
0.04565578933055726
0.04565578933055726
0.04565578933055726
0.04565578933055726
0.04565578933055726
0.04565578933055726
0.04565578933055726
0.04565578933055726
0.04565578933055726
0.04565578933055726
0.04565578933055726
0.04565578933055726
0.04565578933055726
0.04565578933055726
0.04565578933055726
0.04565578933055726
0.04565578933055726
0.04565578933055726
0.04565578933055726
0.04565578933055726
0.04565578933055726
0.04565578933055726
0.04565578933055726
0.04565578933055726
0.04565578933055726
0.04565578933055726
0.04565578933055726
0.04565578933055726
0.04565578933055726
0.04565578933055726
0.04565578933055726
0.04565578933055726
0.04565578933055726
0.04565578933055726
0.04565578933055726
0.04565578933055726
0.04565578933055726
0.04565578933055726
0.04565578933055726
0.04565578933055726
1.2711797858047411
1.2711797858047411
1.2711797858047411
0.7726885912129379
0.7726885912129379
nan
nan
nan
nan
nan
nan
nan
nan
nan
nan
nan
nan
nan
nan
nan
nan
nan
nan
nan
nan
nan
nan
nan
nan
nan
nan
nan
nan
nan
nan
nan
nan
nan
nan
nan
nan
nan
nan
nan
nan
nan
nan
nan
nan
nan
nan
nan
nan
nan
nan
nan
nan
nan
nan
nan
nan
nan
nan
nan
nan
nan
nan
nan
nan
nan
nan
nan
nan
nan
nan
nan
nan
nan
nan
nan
nan
nan
nan
nan
nan
nan
nan
nan
nan
nan
nan
nan
nan
nan
nan
nan
nan
nan
nan
nan
nan
nan
nan
nan
nan
nan
nan
nan
nan
nan
nan
nan
nan
nan
nan
nan
nan
nan
nan
nan
nan
nan
nan
nan
nan
nan
nan
nan
nan
nan
nan
nan
nan
nan
nan
nan
nan
nan
nan
nan
nan
nan
nan
nan
nan
nan
nan
nan
nan
nan
nan
nan
nan
nan
nan
nan
nan
nan
nan
nan
nan
nan
nan
nan
nan
nan
nan
nan
nan
nan
nan
nan
nan
nan
nan
nan
nan
nan
nan
nan
nan
nan
nan
nan
nan
nan
nan
nan
nan
nan
nan
nan
nan
nan
nan
nan
nan
nan
nan
nan
nan
nan
nan
nan
nan
nan
nan
nan
nan
nan
nan
nan
nan
nan
nan
nan
nan
nan
nan
nan
nan
nan
nan
nan
nan
nan
nan
nan
nan
nan
nan
nan
nan
nan
nan
1.6328501582441006
1.6328501582441006
1.0338134092487745
1.0338134092487745
0.5799614083098209
0.5799614083098209
1.6008696639547126
1.6008696639547126
1.7248423332319835
1.7248423332319835
0.5464815005609509
0.5464815005609509
1.7658344994609614
1.7658344994609614
0.7690510724512695
0.6410635745696185
2.020392114067974
2.020392114067974
0.2687515938342865
0.2687515938342865
0.8270766693224407
0.8270766693224407
0.5618716320191867
0.5618716320191867
0.8331311444057411
0.8331311444057411
1.2631663929147134
1.2631663929147134
0.32420924257987754
0.32420924257987754
1.2684412940538505
1.2684412940538505
1.2794333154283004
1.2551275078598465
1.2551275078598465
1.2551275078598465
1.2551275078598465
1.2551275078598465
1.2551275078598465
1.2551275078598465
1.2551275078598465
1.2551275078598465
1.2551275078598465
1.2551275078598465
1.2551275078598465
1.2551275078598465
1.2551275078598465
1.2551275078598465
1.2551275078598465
1.2551275078598465
1.2551275078598465
1.2551275078598465
1.2551275078598465
1.2551275078598465
1.2551275078598465
1.2551275078598465
1.2551275078598465
1.2551275078598465
1.2551275078598465
1.2551275078598465
1.2551275078598465
1.2551275078598465
1.2551275078598465
1.2551275078598465
1.2551275078598465
1.2551275078598465
1.2551275078598465
1.2551275078598465
1.2551275078598465
1.2551275078598465
1.2551275078598465
1.2551275078598465
1.2551275078598465
1.2551275078598465
1.2551275078598465
1.2551275078598465
1.2551275078598465
1.2551275078598465
1.2551275078598465
1.2551275078598465
1.2551275078598465
1.2551275078598465
1.2551275078598465
1.2551275078598465
1.2551275078598465
1.2551275078598465
1.2551275078598465
1.2551275078598465
1.2551275078598465
1.2551275078598465
1.2551275078598465
1.2551275078598465
1.2551275078598465
1.2551275078598465
1.2551275078598465
1.2551275078598465
1.2551275078598465
1.2551275078598465
1.2551275078598465
1.2551275078598465
1.2551275078598465
1.2551275078598465
1.2551275078598465
1.2551275078598465
1.2551275078598465
1.2551275078598465
1.2551275078598465
1.2551275078598465
1.2551275078598465
1.2551275078598465
1.2551275078598465
1.2551275078598465
1.2551275078598465
1.2551275078598465
1.2551275078598465
1.2551275078598465
1.2551275078598465
1.2551275078598465
1.2551275078598465
1.2551275078598465
1.2551275078598465
1.2551275078598465
1.2551275078598465
1.2551275078598465
1.2551275078598465
1.2551275078598465
1.2551275078598465
1.2551275078598465
1.2551275078598465
1.2551275078598465
1.2551275078598465
1.2551275078598465
1.2551275078598465
1.2551275078598465
1.2551275078598465
1.2551275078598465
1.2551275078598465
1.2551275078598465
1.2551275078598465
1.2551275078598465
1.2551275078598465
1.2551275078598465
1.2551275078598465
1.2551275078598465
1.2551275078598465
1.2551275078598465
1.2551275078598465
1.2551275078598465
1.2551275078598465
1.2551275078598465
1.2551275078598465
1.2551275078598465
1.2551275078598465
1.2551275078598465
1.2551275078598465
1.2551275078598465
1.2551275078598465
1.2551275078598465
1.2551275078598465
1.2551275078598465
1.2551275078598465
1.2551275078598465
1.2551275078598465
1.2551275078598465
1.2551275078598465
1.2551275078598465
1.2551275078598465
1.2551275078598465
1.2551275078598465
1.2551275078598465
1.2551275078598465
1.2551275078598465
1.2551275078598465
1.2551275078598465
1.2551275078598465
1.2551275078598465
1.2551275078598465
1.2551275078598465
1.2551275078598465
1.2551275078598465
1.2551275078598465
1.2551275078598465
1.2551275078598465
1.2551275078598465
1.2551275078598465
1.2551275078598465
1.2551275078598465
1.2551275078598465
1.2551275078598465
1.2551275078598465
1.2551275078598465
1.2551275078598465
1.2551275078598465
1.2551275078598465
1.2551275078598465
1.2551275078598465
1.2551275078598465
1.2551275078598465
1.2551275078598465
1.2551275078598465
1.2551275078598465
1.2551275078598465
1.2551275078598465
1.2551275078598465
1.2551275078598465
1.2551275078598465
1.2551275078598465
1.2551275078598465
1.2551275078598465
1.2551275078598465
1.2551275078598465
1.2551275078598465
1.2551275078598465
1.2551275078598465
1.2551275078598465
1.2551275078598465
1.2551275078598465
1.2551275078598465
1.2551275078598465
1.2551275078598465
1.2551275078598465
1.2551275078598465
1.2551275078598465
1.2551275078598465
1.2551275078598465
1.2551275078598465
1.2551275078598465
1.2551275078598465
1.2551275078598465
1.2551275078598465
1.2551275078598465
1.2551275078598465
1.2551275078598465
1.2551275078598465
1.2551275078598465
1.2551275078598465
1.2551275078598465
1.2551275078598465
1.2551275078598465
1.2551275078598465
1.2551275078598465
1.2551275078598465
1.2551275078598465
1.2551275078598465
1.2551275078598465
1.2551275078598465
1.2551275078598465
1.2551275078598465
1.2551275078598465
1.2551275078598465
1.2551275078598465
1.2551275078598465
1.2551275078598465
1.2551275078598465
1.2551275078598465
1.2551275078598465
1.2551275078598465
1.2551275078598465
1.2551275078598465
1.2551275078598465
1.2551275078598465
1.2551275078598465
1.2551275078598465
1.2551275078598465
1.2551275078598465
1.2551275078598465
1.2551275078598465
1.2551275078598465
1.2551275078598465
1.2551275078598465
1.2551275078598465
1.2551275078598465
1.2551275078598465
1.2551275078598465
1.2551275078598465
1.2551275078598465
1.2551275078598465
1.2551275078598465
1.2551275078598465
1.2551275078598465
1.2551275078598465
1.2551275078598465
1.2551275078598465
1.2551275078598465
1.2551275078598465
1.2551275078598465
1.2551275078598465
1.2551275078598465
1.2551275078598465
1.2551275078598465
1.2551275078598465
1.2551275078598465
1.2551275078598465
1.2551275078598465
1.2551275078598465
1.2551275078598465
1.2551275078598465
1.2551275078598465
1.2551275078598465
1.2551275078598465
1.2551275078598465
1.2551275078598465
1.2551275078598465
1.2551275078598465
1.2551275078598465
1.2551275078598465
1.2551275078598465
1.2551275078598465
1.2551275078598465
1.2551275078598465
1.2551275078598465
1.2551275078598465
1.2551275078598465
1.2551275078598465
1.2551275078598465
1.2551275078598465
1.2551275078598465
1.2551275078598465
1.2551275078598465
1.2551275078598465
1.2551275078598465
1.2551275078598465
1.2551275078598465
1.2551275078598465
1.2551275078598465
1.2551275078598465
1.2551275078598465
1.2551275078598465
1.2551275078598465
1.2551275078598465
1.2551275078598465
1.2551275078598465
1.2551275078598465
1.2551275078598465
nan
nan
nan
nan
nan
nan
nan
nan
nan
nan
nan
nan
nan
nan
nan
nan
nan
nan
nan
nan
nan
nan
nan
nan
nan
nan
nan
nan
nan
nan
nan
nan
nan
nan
nan
nan
nan
nan
nan
nan
nan
nan
nan
nan
nan
nan
nan
nan
nan
nan
nan
nan
nan
nan
nan
nan
nan
nan
nan
nan
nan
nan
nan
nan
nan
nan
nan
nan
nan
nan
nan
nan
nan
nan
nan
nan
nan
nan
nan
nan
nan
nan
nan
nan
nan
nan
nan
nan
14.616774620506156
14.616774620506156
14.616774620506156
14.616774620506156
14.616774620506156
14.616774620506156
14.616774620506156
14.616774620506156
14.616774620506156
14.616774620506156
14.616774620506156
14.616774620506156
2.516506909637813
2.516506909637813
2.516506909637813
2.516506909637813
0.8078273516796204
0.8078273516796204
3.2322653648566235
3.2322653648566235
2.827651413053338
0.7305501797921619
2.5263923985294934
2.5263923985294934
2.303723430131904
2.303723430131904
0.8948946680156834
0.8948946680156834
0.8948946680156834
0.8948946680156834
1.1393402514020337
1.1393402514020337
2.960975035909739
2.960975035909739
0.9019855319467633
0.9019855319467633
2.4885454161598988
2.4885454161598988
0.3635552211461858
0.3635552211461858
1.1763490590777748
1.1763490590777748
0.6957091707984487
0.9031438321888453
0.9031438321888453
2.0966087223756493
2.0966087223756493
0.704441594011828
1.166016390997627
2.105671813012079
2.105671813012079
0.653354322596495
1.1982711314664285
1.5315517744297797
1.5315517744297797
0.5289361094753375
1.5830349864015192
1.789709520949638
1.789709520949638
2.010544880831965
2.010544880831965
1.1181217132705163
1.1181217132705163
0.4114305150001841
0.4114305150001841
1.0428081438101457
1.0428081438101457
0.4193588770166448
0.9191741628383471
0.9191741628383471
0.19779395057917856
0.19779395057917856
0.8110850590160376
0.8110850590160376
1.2686225139664062
1.2686225139664062
1.2686225139664062
1.2686225139664062
1.2686225139664062
1.2686225139664062
1.2686225139664062
1.2686225139664062
1.2686225139664062
1.2686225139664062
1.2686225139664062
1.2686225139664062
1.2686225139664062
1.2686225139664062
1.2686225139664062
1.2686225139664062
1.2686225139664062
1.2686225139664062
1.2686225139664062
1.2686225139664062
1.2686225139664062
1.2686225139664062
1.2686225139664062
1.2686225139664062
1.2686225139664062
1.2686225139664062
1.2686225139664062
1.2686225139664062
1.2686225139664062
1.2686225139664062
1.2686225139664062
1.2686225139664062
1.2686225139664062
1.2686225139664062
1.2686225139664062
1.2686225139664062
1.2686225139664062
1.2686225139664062
1.2686225139664062
1.2686225139664062
1.2686225139664062
1.2686225139664062
1.2686225139664062
1.2686225139664062
1.2686225139664062
1.2686225139664062
1.2686225139664062
1.2686225139664062
1.2686225139664062
1.2686225139664062
1.2686225139664062
1.2686225139664062
1.2686225139664062
1.2686225139664062
1.2686225139664062
1.2686225139664062
1.2686225139664062
1.2686225139664062
1.2686225139664062
1.2686225139664062
1.2686225139664062
1.2686225139664062
1.2686225139664062
1.2686225139664062
1.2686225139664062
1.2686225139664062
1.2686225139664062
1.2686225139664062
1.2686225139664062
1.2686225139664062
1.2686225139664062
1.2686225139664062
1.2686225139664062
1.2686225139664062
1.2686225139664062
1.2686225139664062
1.2686225139664062
1.2686225139664062
1.2686225139664062
1.2686225139664062
1.2686225139664062
1.2686225139664062
1.2686225139664062
1.2686225139664062
1.2686225139664062
1.2686225139664062
1.2686225139664062
1.2686225139664062
1.2686225139664062
1.2686225139664062
1.2686225139664062
1.2686225139664062
1.2686225139664062
1.2686225139664062
1.2686225139664062
1.2686225139664062
1.2686225139664062
1.2686225139664062
1.2686225139664062
1.2686225139664062
1.2686225139664062
1.2686225139664062
1.2686225139664062
1.2686225139664062
1.2686225139664062
1.2686225139664062
1.2686225139664062
1.2686225139664062
1.2686225139664062
1.2686225139664062
1.2686225139664062
1.2686225139664062
1.2686225139664062
1.2686225139664062
1.2686225139664062
1.2686225139664062
1.2686225139664062
1.2686225139664062
1.2686225139664062
1.2686225139664062
1.2686225139664062
1.2686225139664062
1.2686225139664062
1.2686225139664062
1.2686225139664062
1.2686225139664062
1.2686225139664062
1.2686225139664062
1.2686225139664062
1.2686225139664062
1.2686225139664062
1.2686225139664062
1.2686225139664062
1.2686225139664062
1.2686225139664062
1.2686225139664062
1.2686225139664062
1.2686225139664062
1.2686225139664062
1.2686225139664062
1.2686225139664062
1.2686225139664062
1.2686225139664062
1.2686225139664062
1.2686225139664062
1.2686225139664062
1.2686225139664062
1.2686225139664062
1.2686225139664062
1.2686225139664062
1.2686225139664062
1.2686225139664062
1.2686225139664062
1.2686225139664062
1.2686225139664062
1.2686225139664062
1.2686225139664062
1.2686225139664062
1.2686225139664062
1.2686225139664062
1.2686225139664062
1.2686225139664062
1.2686225139664062
1.2686225139664062
1.2686225139664062
1.2686225139664062
1.2686225139664062
1.2686225139664062
1.2686225139664062
1.2686225139664062
1.2686225139664062
1.2686225139664062
1.2686225139664062
1.2686225139664062
1.2686225139664062
1.2686225139664062
1.2686225139664062
1.2686225139664062
nan
nan
nan
nan
nan
nan
nan
nan
nan
nan
nan
nan
nan
nan
nan
nan
nan
nan
nan
nan
nan
nan
nan
nan
nan
nan
nan
nan
nan
nan
nan
nan
nan
nan
nan
nan
nan
nan
nan
nan
nan
nan
nan
nan
nan
nan
nan
nan
nan
nan
nan
nan
15.293844930594059
15.293844930594059
2.9252086691432972
2.9252086691432972
2.9252086691432972
2.9252086691432972
2.7860368606887342
2.7860368606887342
1.762730725078725
1.762730725078725
0.6368636876935398
0.6368636876935398
2.4220227114626054
2.4220227114626054
0.5638891599669434
0.5638891599669434
1.8597209429623527
1.8597209429623527
0.6625292211189888
0.6625292211189888
1.5500232464798374
1.5500232464798374
2.5146223766140907
2.5146223766140907
1.7336193307099428
1.7336193307099428
1.7336193307099428
1.7336193307099428
2.2651922043355652
2.2651922043355652
2.2651922043355652
2.2651922043355652
2.062631140259296
1.5284555482519837
1.5332489480641038
1.5332489480641038
2.1374164042487473
2.1374164042487473
2.1374164042487473
2.1374164042487473
1.6309684543226668
1.6309684543226668
1.832453222634539
1.832453222634539
1.6826319088844879
1.6826319088844879
1.6826319088844879
1.6826319088844879
1.6826319088844879
1.6826319088844879
1.6826319088844879
1.6826319088844879
1.6826319088844879
1.6826319088844879
1.6826319088844879
1.6826319088844879
1.6826319088844879
1.6826319088844879
1.6826319088844879
1.6826319088844879
1.6826319088844879
1.6826319088844879
1.6826319088844879
1.6826319088844879
1.6826319088844879
1.6826319088844879
1.6826319088844879
1.6826319088844879
1.6826319088844879
1.6826319088844879
1.6826319088844879
1.6826319088844879
1.6826319088844879
1.6826319088844879
1.6826319088844879
1.6826319088844879
1.6826319088844879
1.6826319088844879
1.6826319088844879
1.6826319088844879
1.6826319088844879
1.6826319088844879
1.6826319088844879
1.6826319088844879
1.6826319088844879
1.6826319088844879
1.6826319088844879
1.6826319088844879
1.6826319088844879
1.6826319088844879
1.6826319088844879
1.6826319088844879
1.6826319088844879
1.6826319088844879
1.6826319088844879
1.6826319088844879
1.6826319088844879
1.6826319088844879
1.6826319088844879
1.6826319088844879
1.6826319088844879
1.6826319088844879
1.6826319088844879
1.6826319088844879
1.6826319088844879
1.6826319088844879
1.6826319088844879
1.6826319088844879
1.6826319088844879
1.6826319088844879
1.6826319088844879
1.6826319088844879
1.6826319088844879
1.6826319088844879
1.6826319088844879
1.6826319088844879
1.6826319088844879
1.6826319088844879
1.6826319088844879
1.6826319088844879
1.6826319088844879
1.6826319088844879
1.6826319088844879
1.6826319088844879
1.6826319088844879
1.6826319088844879
1.6826319088844879
1.6826319088844879
1.6826319088844879
1.6826319088844879
1.6826319088844879
1.6826319088844879
1.6826319088844879
1.6826319088844879
1.6826319088844879
1.6826319088844879
1.6826319088844879
1.6826319088844879
1.6826319088844879
1.6826319088844879
1.6826319088844879
1.6826319088844879
1.6826319088844879
1.6826319088844879
1.6826319088844879
1.6826319088844879
1.6826319088844879
1.6826319088844879
1.6826319088844879
1.6826319088844879
1.6826319088844879
1.6826319088844879
1.6826319088844879
1.6826319088844879
1.6826319088844879
1.6826319088844879
1.6826319088844879
1.6826319088844879
1.6826319088844879
1.6826319088844879
1.6826319088844879
1.6826319088844879
1.6826319088844879
1.6826319088844879
1.6826319088844879
1.6826319088844879
1.6826319088844879
1.6826319088844879
1.6826319088844879
1.6826319088844879
1.6826319088844879
1.6826319088844879
1.6826319088844879
1.6826319088844879
1.6826319088844879
1.6826319088844879
1.6826319088844879
1.6826319088844879
1.6826319088844879
1.6826319088844879
1.6826319088844879
1.6826319088844879
1.6826319088844879
1.6826319088844879
1.6826319088844879
1.6826319088844879
1.6826319088844879
1.6826319088844879
1.6826319088844879
1.6826319088844879
1.6826319088844879
1.6826319088844879
1.6826319088844879
1.6826319088844879
1.6826319088844879
1.6826319088844879
1.6826319088844879
1.6826319088844879
1.6826319088844879
1.6826319088844879
1.6826319088844879
1.6826319088844879
1.6826319088844879
1.6826319088844879
1.6826319088844879
1.6826319088844879
1.6826319088844879
1.6826319088844879
1.6826319088844879
1.6826319088844879
1.6826319088844879
1.6826319088844879
1.6826319088844879
1.6826319088844879
1.6826319088844879
1.6826319088844879
nan
nan
nan
nan
nan
nan
nan
nan
nan
nan
nan
nan
nan
nan
nan
nan
nan
nan
nan
nan
nan
nan
nan
nan
nan
nan
nan
nan
nan
nan
nan
nan
nan
nan
nan
nan
nan
nan
nan
nan
nan
nan
nan
nan
nan
nan
nan
nan
nan
nan
nan
nan
nan
nan
nan
nan
nan
nan
nan
nan
nan
nan
nan
nan
nan
nan
nan
nan
nan
nan
nan
nan
nan
nan
nan
nan
nan
nan
nan
nan
nan
nan
nan
nan
nan
nan
nan
nan
nan
nan
0.2575756781350547
0.2575756781350547
0.4006540002437925
0.4006540002437925
0.4006540002437925
0.4006540002437925
0.8098355467423387
0.8098355467423387
0.9911416202541513
0.9911416202541513
1.722266731167394
1.722266731167394
0.9318969537569408
0.9318969537569408
0.9318969537569408
0.9318969537569408
0.9318969537569408
0.9318969537569408
0.9318969537569408
0.9318969537569408
0.9318969537569408
0.9318969537569408
0.9318969537569408
0.9318969537569408
0.6984008175325749
0.6984008175325749
0.6984008175325749
0.6984008175325749
0.7902732492884326
0.7902732492884326
0.4756257396138023
0.4756257396138023
1.6188428640285817
1.6188428640285817
2.063135272448312
2.063135272448312
2.95809203362031
2.95809203362031
2.1097050911358415
2.1097050911358415
0.6851493999524986
0.6851493999524986
2.2867367312136704
2.2867367312136704
1.733961442279745
1.733961442279745
0.5596321054627492
0.5596321054627492
1.8193686736137722
1.8193686736137722
1.4809739795498926
1.4809739795498926
2.159795685968218
2.159795685968218
2.4151951038084873
2.4151951038084873
0.6052954922161953
0.6052954922161953
2.1956555716039667
2.1956555716039667
0.9748753476162431
0.9748753476162431
0.9748753476162431
0.9748753476162431
1.5467375674253656
1.5467375674253656
0.9119463019645676
0.9119463019645676
0.9119463019645676
0.9119463019645676
1.2831557090618708
1.2831557090618708
0.1704797845003631
0.8343442004209969
0.8343442004209969
0.5453684649668546
0.5453684649668546
0.5453684649668546
0.5453684649668546
0.6756545094939247
0.6756545094939247
0.29238131821748287
0.29238131821748287
0.29238131821748287
0.29238131821748287
0.41541625416309863
0.41541625416309863
0.41541625416309863
0.41541625416309863
0.41541625416309863
0.41541625416309863
0.41541625416309863
0.41541625416309863
0.41541625416309863
0.41541625416309863
0.41541625416309863
0.41541625416309863
0.41541625416309863
0.41541625416309863
0.41541625416309863
0.41541625416309863
0.41541625416309863
0.41541625416309863
0.41541625416309863
0.41541625416309863
0.41541625416309863
0.41541625416309863
0.41541625416309863
0.41541625416309863
0.41541625416309863
0.41541625416309863
0.41541625416309863
0.41541625416309863
0.41541625416309863
0.41541625416309863
0.41541625416309863
0.41541625416309863
0.41541625416309863
0.41541625416309863
0.41541625416309863
0.41541625416309863
0.41541625416309863
0.41541625416309863
0.41541625416309863
0.41541625416309863
0.41541625416309863
0.41541625416309863
0.41541625416309863
0.41541625416309863
0.41541625416309863
0.41541625416309863
0.41541625416309863
0.41541625416309863
0.41541625416309863
0.41541625416309863
0.41541625416309863
0.41541625416309863
0.41541625416309863
0.41541625416309863
0.41541625416309863
0.41541625416309863
0.41541625416309863
0.41541625416309863
0.41541625416309863
0.41541625416309863
0.41541625416309863
0.41541625416309863
0.41541625416309863
0.41541625416309863
0.41541625416309863
0.41541625416309863
0.41541625416309863
0.41541625416309863
0.41541625416309863
0.41541625416309863
0.41541625416309863
0.41541625416309863
0.41541625416309863
0.41541625416309863
0.41541625416309863
0.41541625416309863
0.41541625416309863
0.41541625416309863
0.41541625416309863
0.41541625416309863
0.41541625416309863
0.41541625416309863
0.41541625416309863
0.41541625416309863
0.41541625416309863
0.41541625416309863
0.41541625416309863
0.41541625416309863
0.41541625416309863
0.41541625416309863
0.41541625416309863
0.41541625416309863
0.41541625416309863
0.41541625416309863
0.41541625416309863
0.41541625416309863
0.41541625416309863
0.41541625416309863
0.41541625416309863
0.41541625416309863
0.41541625416309863
0.41541625416309863
0.41541625416309863
0.41541625416309863
0.41541625416309863
0.41541625416309863
0.41541625416309863
0.41541625416309863
0.41541625416309863
0.41541625416309863
0.41541625416309863
0.41541625416309863
0.41541625416309863
0.41541625416309863
0.41541625416309863
0.41541625416309863
0.41541625416309863
0.41541625416309863
0.41541625416309863
0.41541625416309863
0.41541625416309863
0.41541625416309863
0.41541625416309863
0.41541625416309863
0.41541625416309863
0.41541625416309863
0.41541625416309863
0.41541625416309863
0.41541625416309863
0.41541625416309863
0.41541625416309863
0.41541625416309863
0.41541625416309863
0.41541625416309863
0.41541625416309863
0.41541625416309863
0.41541625416309863
0.41541625416309863
0.41541625416309863
0.41541625416309863
0.41541625416309863
0.41541625416309863
0.41541625416309863
0.41541625416309863
0.41541625416309863
0.41541625416309863
0.41541625416309863
0.41541625416309863
0.41541625416309863
0.41541625416309863
0.41541625416309863
0.41541625416309863
0.41541625416309863
0.41541625416309863
0.41541625416309863
0.41541625416309863
0.41541625416309863
0.41541625416309863
0.41541625416309863
0.41541625416309863
0.41541625416309863
0.41541625416309863
0.41541625416309863
0.41541625416309863
0.41541625416309863
0.41541625416309863
0.41541625416309863
0.41541625416309863
0.41541625416309863
0.41541625416309863
0.41541625416309863
0.41541625416309863
0.41541625416309863
0.41541625416309863
0.41541625416309863
0.41541625416309863
0.41541625416309863
0.41541625416309863
0.41541625416309863
0.41541625416309863
0.41541625416309863
0.41541625416309863
0.41541625416309863
0.41541625416309863
0.41541625416309863
0.41541625416309863
0.41541625416309863
0.41541625416309863
0.41541625416309863
0.41541625416309863
0.41541625416309863
0.41541625416309863
0.41541625416309863
0.41541625416309863
0.41541625416309863
0.41541625416309863
0.41541625416309863
0.41541625416309863
0.41541625416309863
0.41541625416309863
0.41541625416309863
0.41541625416309863
0.41541625416309863
0.41541625416309863
0.41541625416309863
0.41541625416309863
0.41541625416309863
0.41541625416309863
0.41541625416309863
0.41541625416309863
0.41541625416309863
0.41541625416309863
0.41541625416309863
0.41541625416309863
0.41541625416309863
0.41541625416309863
0.41541625416309863
0.41541625416309863
0.41541625416309863
0.41541625416309863
0.41541625416309863
0.41541625416309863
0.41541625416309863
0.41541625416309863
0.41541625416309863
0.41541625416309863
0.41541625416309863
0.41541625416309863
0.41541625416309863
0.41541625416309863
0.41541625416309863
0.41541625416309863
0.41541625416309863
0.41541625416309863
0.41541625416309863
0.41541625416309863
0.41541625416309863
0.41541625416309863
0.41541625416309863
0.41541625416309863
0.41541625416309863
0.41541625416309863
0.41541625416309863
0.41541625416309863
0.41541625416309863
0.41541625416309863
0.41541625416309863
0.41541625416309863
0.41541625416309863
0.41541625416309863
0.41541625416309863
0.41541625416309863
0.41541625416309863
0.41541625416309863
0.41541625416309863
0.41541625416309863
0.41541625416309863
0.41541625416309863
0.41541625416309863
0.41541625416309863
0.41541625416309863
0.41541625416309863
0.41541625416309863
0.41541625416309863
0.41541625416309863
0.41541625416309863
0.41541625416309863
0.41541625416309863
0.41541625416309863
0.41541625416309863
0.41541625416309863
0.41541625416309863
0.41541625416309863
0.41541625416309863
0.41541625416309863
0.41541625416309863
0.41541625416309863
0.41541625416309863
0.41541625416309863
0.41541625416309863
0.41541625416309863
0.41541625416309863
0.41541625416309863
0.41541625416309863
0.41541625416309863
0.41541625416309863
0.41541625416309863
0.41541625416309863
0.41541625416309863
0.41541625416309863
0.41541625416309863
0.41541625416309863
0.41541625416309863
0.41541625416309863
0.41541625416309863
0.41541625416309863
0.41541625416309863
0.41541625416309863
0.41541625416309863
0.41541625416309863
0.41541625416309863
0.41541625416309863
0.41541625416309863
0.41541625416309863
0.41541625416309863
0.41541625416309863
0.41541625416309863
0.41541625416309863
0.41541625416309863
0.41541625416309863
0.41541625416309863
0.41541625416309863
0.41541625416309863
0.41541625416309863
0.41541625416309863
0.41541625416309863
0.41541625416309863
0.41541625416309863
0.41541625416309863
0.41541625416309863
0.41541625416309863
0.41541625416309863
0.41541625416309863
0.41541625416309863
0.41541625416309863
0.41541625416309863
0.41541625416309863
0.41541625416309863
0.41541625416309863
0.41541625416309863
0.41541625416309863
0.41541625416309863
0.41541625416309863
0.41541625416309863
0.41541625416309863
0.41541625416309863
0.41541625416309863
0.41541625416309863
0.41541625416309863
0.41541625416309863
0.41541625416309863
0.41541625416309863
0.41541625416309863
0.41541625416309863
0.41541625416309863
0.41541625416309863
0.41541625416309863
0.41541625416309863
0.41541625416309863
0.41541625416309863
0.41541625416309863
0.41541625416309863
0.41541625416309863
0.41541625416309863
0.41541625416309863
0.41541625416309863
0.41541625416309863
0.41541625416309863
0.41541625416309863
0.41541625416309863
0.41541625416309863
0.41541625416309863
0.41541625416309863
0.41541625416309863
0.41541625416309863
0.41541625416309863
0.41541625416309863
0.41541625416309863
0.41541625416309863
0.41541625416309863
0.41541625416309863
0.41541625416309863
0.41541625416309863
0.41541625416309863
0.41541625416309863
0.41541625416309863
0.41541625416309863
0.41541625416309863
0.41541625416309863
0.41541625416309863
0.41541625416309863
0.41541625416309863
0.41541625416309863
0.41541625416309863
0.41541625416309863
0.41541625416309863
0.41541625416309863
0.41541625416309863
0.41541625416309863
0.41541625416309863
0.41541625416309863
0.41541625416309863
0.41541625416309863
0.41541625416309863
0.41541625416309863
0.41541625416309863
0.41541625416309863
0.41541625416309863
0.41541625416309863
0.41541625416309863
0.41541625416309863
0.41541625416309863
0.41541625416309863
0.41541625416309863
0.41541625416309863
0.41541625416309863
0.41541625416309863
0.41541625416309863
0.41541625416309863
0.41541625416309863
0.41541625416309863
0.41541625416309863
0.41541625416309863
0.41541625416309863
0.41541625416309863
0.41541625416309863
0.41541625416309863
0.41541625416309863
0.41541625416309863
0.41541625416309863
0.41541625416309863
0.41541625416309863
0.41541625416309863
0.41541625416309863
0.41541625416309863
0.41541625416309863
0.41541625416309863
0.41541625416309863
0.41541625416309863
0.41541625416309863
0.41541625416309863
0.41541625416309863
0.41541625416309863
0.41541625416309863
0.41541625416309863
0.41541625416309863
0.41541625416309863
0.41541625416309863
0.41541625416309863
0.41541625416309863
0.41541625416309863
0.41541625416309863
0.41541625416309863
0.41541625416309863
0.41541625416309863
0.41541625416309863
0.41541625416309863
0.41541625416309863
0.41541625416309863
0.41541625416309863
0.41541625416309863
0.41541625416309863
0.41541625416309863
0.41541625416309863
0.41541625416309863
0.41541625416309863
0.41541625416309863
0.41541625416309863
0.41541625416309863
0.41541625416309863
0.41541625416309863
0.41541625416309863
0.41541625416309863
0.41541625416309863
0.41541625416309863
0.41541625416309863
0.41541625416309863
0.41541625416309863
0.41541625416309863
0.41541625416309863
0.41541625416309863
0.41541625416309863
0.41541625416309863
0.41541625416309863
0.41541625416309863
0.41541625416309863
0.41541625416309863
0.41541625416309863
0.41541625416309863
0.41541625416309863
0.41541625416309863
0.41541625416309863
0.41541625416309863
0.41541625416309863
0.41541625416309863
0.41541625416309863
0.41541625416309863
0.41541625416309863
0.41541625416309863
0.41541625416309863
0.41541625416309863
0.41541625416309863
0.41541625416309863
0.41541625416309863
0.41541625416309863
0.41541625416309863
0.41541625416309863
0.41541625416309863
0.41541625416309863
0.41541625416309863
0.41541625416309863
0.41541625416309863
0.41541625416309863
0.41541625416309863
0.41541625416309863
0.41541625416309863
0.41541625416309863
0.41541625416309863
0.41541625416309863
0.41541625416309863
0.41541625416309863
0.41541625416309863
0.41541625416309863
0.41541625416309863
0.41541625416309863
0.41541625416309863
0.41541625416309863
0.41541625416309863
0.41541625416309863
0.41541625416309863
0.41541625416309863
0.41541625416309863
0.41541625416309863
0.41541625416309863
0.41541625416309863
0.41541625416309863
0.41541625416309863
0.41541625416309863
0.41541625416309863
0.41541625416309863
0.41541625416309863
0.41541625416309863
0.41541625416309863
0.41541625416309863
0.41541625416309863
0.41541625416309863
0.41541625416309863
0.41541625416309863
0.41541625416309863
0.41541625416309863
0.41541625416309863
0.41541625416309863
0.41541625416309863
0.41541625416309863
0.41541625416309863
0.41541625416309863
0.41541625416309863
0.41541625416309863
0.41541625416309863
0.41541625416309863
nan
nan
nan
nan
nan
nan
nan
nan
nan
nan
nan
nan
nan
nan
nan
nan
nan
nan
nan
nan
nan
nan
nan
nan
nan
nan
nan
nan
nan
nan
nan
nan
nan
nan
nan
nan
nan
nan
nan
nan
nan
nan
nan
nan
nan
nan
nan
nan
nan
nan
nan
nan
1.7739391809454244
1.7739391809454244
0.7461245799592893
0.7461245799592893
0.7461245799592893
0.7461245799592893
1.1653771592813778
1.1653771592813778
2.355588481748999
2.355588481748999
2.4600528768883456
2.4600528768883456
0.4099947440418964
0.4099947440418964
1.9161799073443875
1.9161799073443875
1.0368136897948201
1.0368136897948201
1.6150811451336555
1.6150811451336555
1.6150811451336555
1.6150811451336555
1.6150811451336555
1.6150811451336555
1.6150811451336555
1.6150811451336555
0.681882817451342
0.681882817451342
1.2507064364061173
1.2507064364061173
1.3329831923612314
1.3329831923612314
0.2828495296420416
0.2828495296420416
1.1218578205328975
1.1218578205328975
1.1218578205328975
1.1218578205328975
1.1218578205328975
1.1218578205328975
1.1218578205328975
1.1218578205328975
1.1218578205328975
1.1218578205328975
1.1218578205328975
1.1218578205328975
1.1218578205328975
1.1218578205328975
1.1218578205328975
1.1218578205328975
1.1218578205328975
1.1218578205328975
1.1218578205328975
1.1218578205328975
1.1218578205328975
1.1218578205328975
1.1218578205328975
1.1218578205328975
1.1218578205328975
1.1218578205328975
1.1218578205328975
1.1218578205328975
1.1218578205328975
1.1218578205328975
1.1218578205328975
1.1218578205328975
1.1218578205328975
1.1218578205328975
1.1218578205328975
1.1218578205328975
1.1218578205328975
1.1218578205328975
1.1218578205328975
1.1218578205328975
1.1218578205328975
1.1218578205328975
1.1218578205328975
1.1218578205328975
1.1218578205328975
1.1218578205328975
1.1218578205328975
1.1218578205328975
1.1218578205328975
1.1218578205328975
1.1218578205328975
1.1218578205328975
1.1218578205328975
1.1218578205328975
1.1218578205328975
1.1218578205328975
1.1218578205328975
1.1218578205328975
1.1218578205328975
1.1218578205328975
1.1218578205328975
1.1218578205328975
1.1218578205328975
1.1218578205328975
1.1218578205328975
1.1218578205328975
1.1218578205328975
1.1218578205328975
1.1218578205328975
1.1218578205328975
1.1218578205328975
1.1218578205328975
1.1218578205328975
1.1218578205328975
1.1218578205328975
1.1218578205328975
1.1218578205328975
1.1218578205328975
1.1218578205328975
1.1218578205328975
1.1218578205328975
1.1218578205328975
1.1218578205328975
1.1218578205328975
1.1218578205328975
1.1218578205328975
1.1218578205328975
1.1218578205328975
1.1218578205328975
1.1218578205328975
1.1218578205328975
1.1218578205328975
1.1218578205328975
1.1218578205328975
1.1218578205328975
1.1218578205328975
1.1218578205328975
1.1218578205328975
1.1218578205328975
1.1218578205328975
1.1218578205328975
1.1218578205328975
1.1218578205328975
1.1218578205328975
1.1218578205328975
1.1218578205328975
1.1218578205328975
1.1218578205328975
1.1218578205328975
1.1218578205328975
1.1218578205328975
1.1218578205328975
1.1218578205328975
1.1218578205328975
1.1218578205328975
1.1218578205328975
1.1218578205328975
1.1218578205328975
1.1218578205328975
1.1218578205328975
1.1218578205328975
1.1218578205328975
1.1218578205328975
1.1218578205328975
1.1218578205328975
1.1218578205328975
1.1218578205328975
1.1218578205328975
1.1218578205328975
1.1218578205328975
1.1218578205328975
1.1218578205328975
1.1218578205328975
1.1218578205328975
1.1218578205328975
1.1218578205328975
1.1218578205328975
1.1218578205328975
1.1218578205328975
1.1218578205328975
1.1218578205328975
1.1218578205328975
1.1218578205328975
1.1218578205328975
1.1218578205328975
1.1218578205328975
1.1218578205328975
1.1218578205328975
1.1218578205328975
1.1218578205328975
1.1218578205328975
1.1218578205328975
1.1218578205328975
1.1218578205328975
1.1218578205328975
1.1218578205328975
1.1218578205328975
1.1218578205328975
1.1218578205328975
1.1218578205328975
1.1218578205328975
1.1218578205328975
1.1218578205328975
1.1218578205328975
1.1218578205328975
1.1218578205328975
1.1218578205328975
1.1218578205328975
1.1218578205328975
1.1218578205328975
1.1218578205328975
1.1218578205328975
1.1218578205328975
1.1218578205328975
1.1218578205328975
1.1218578205328975
1.1218578205328975
1.1218578205328975
1.1218578205328975
1.1218578205328975
1.1218578205328975
1.1218578205328975
1.1218578205328975
1.1218578205328975
1.1218578205328975
1.1218578205328975
1.1218578205328975
1.1218578205328975
1.1218578205328975
1.1218578205328975
1.1218578205328975
1.1218578205328975
1.1218578205328975
1.1218578205328975
1.1218578205328975
1.1218578205328975
1.1218578205328975
1.1218578205328975
1.1218578205328975
1.1218578205328975
1.1218578205328975
1.1218578205328975
1.1218578205328975
1.1218578205328975
1.1218578205328975
1.1218578205328975
1.1218578205328975
1.1218578205328975
1.1218578205328975
1.1218578205328975
1.1218578205328975
1.1218578205328975
1.1218578205328975
1.1218578205328975
1.1218578205328975
1.1218578205328975
1.1218578205328975
1.1218578205328975
1.1218578205328975
1.1218578205328975
1.1218578205328975
1.1218578205328975
1.1218578205328975
1.1218578205328975
1.1218578205328975
1.1218578205328975
1.1218578205328975
1.1218578205328975
1.1218578205328975
1.1218578205328975
1.1218578205328975
1.1218578205328975
1.1218578205328975
1.1218578205328975
1.1218578205328975
1.1218578205328975
1.1218578205328975
1.1218578205328975
nan
nan
nan
nan
nan
nan
nan
nan
nan
nan
nan
nan
nan
nan
nan
nan
nan
nan
nan
nan
nan
nan
nan
nan
nan
nan
nan
nan
nan
nan
nan
nan
nan
nan
nan
nan
nan
nan
nan
nan
nan
nan
nan
nan
nan
nan
nan
nan
nan
nan
nan
nan
nan
nan
nan
nan
nan
nan
nan
nan
nan
nan
nan
nan
nan
nan
nan
nan
nan
nan
nan
nan
nan
nan
nan
nan
nan
nan
nan
nan
nan
nan
nan
nan
nan
nan
nan
nan
nan
nan
nan
nan
nan
nan
nan
nan
nan
nan
nan
nan
nan
nan
2.4370724351355055
2.4370724351355055
1.9738790783449731
1.9738790783449731
1.8337414200489144
1.8337414200489144
3.289962314712621
3.289962314712621
2.666645098623459
2.666645098623459
1.881512213977264
1.881512213977264
1.5141540885314873
1.8832279316454186
1.8832279316454186
2.3481013311579315
2.3481013311579315
1.9181039428652304
1.9181039428652304
2.228151090884015
2.228151090884015
2.499383079212512
2.499383079212512
2.495655483078673
2.495655483078673
2.228765885447783
2.228765885447783
2.037700657808012
2.037700657808012
2.090161973053754
2.090161973053754
1.789652581923232
1.789652581923232
1.5135233203705303
1.5135233203705303
1.2941365266206384
1.2941365266206384
1.373323782623587
1.373323782623587
nan
nan
nan
nan
nan
nan
nan
nan
nan
nan
nan
nan
nan
nan
nan
nan
nan
nan
nan
nan
nan
nan
nan
nan
nan
nan
nan
nan
nan
nan
nan
nan
nan
nan
nan
nan
nan
nan
nan
nan
nan
nan
nan
nan
nan
nan
nan
nan
nan
nan
nan
nan
nan
nan
nan
nan
nan
nan
nan
nan
nan
nan
nan
nan
nan
nan
nan
nan
nan
nan
nan
nan
nan
nan
nan
nan
2.622492071471527
2.622492071471527
2.622492071471527
2.622492071471527
1.8304614955199023
1.8304614955199023
3.056550406605418
3.056550406605418
2.90333650371482
2.90333650371482
1.6818038346553863
1.6818038346553863
0.27982590238528965
0.27982590238528965
2.1754644976212982
2.1754644976212982
1.6717786900678064
1.6717786900678064
2.086165689457733
0.7439454105637505
1.029898523455332
1.8354150154859827
1.7510026984732863
0.45543797438450384
0.9606233137722169
0.9606233137722169
1.7246395935292425
0.39338688365511326
1.297534055279756
1.297534055279756
1.297534055279756
1.297534055279756
1.297534055279756
1.297534055279756
1.297534055279756
1.297534055279756
nan
nan
nan
nan
nan
nan
nan
nan
nan
nan
nan
nan
nan
nan
nan
nan
nan
nan
nan
nan
nan
nan
nan
nan
nan
nan
nan
nan
nan
nan
nan
nan
nan
nan
nan
nan
nan
nan
nan
nan
nan
nan
nan
nan
nan
nan
nan
nan
nan
nan
nan
nan
nan
nan
nan
nan
nan
nan
nan
nan
nan
nan
nan
nan
nan
nan
nan
nan
nan
nan
nan
nan
nan
nan
nan
nan
nan
nan
nan
nan
nan
nan
nan
nan
nan
nan
nan
nan
nan
nan
nan
nan
nan
nan
nan
nan
nan
nan
nan
nan
0.42910015314831146
0.42910015314831146
2.099987261075696
2.099987261075696
0.29087949758551507
0.29087949758551507
0.29087949758551507
0.29087949758551507
0.29087949758551507
0.998595143459515
0.998595143459515
0.998595143459515
0.998595143459515
0.998595143459515
0.998595143459515
0.998595143459515
0.998595143459515
0.998595143459515
0.998595143459515
0.998595143459515
0.998595143459515
0.998595143459515
0.998595143459515
0.998595143459515
nan
nan
nan
nan
nan
nan
nan
nan
nan
nan
nan
nan
nan
nan
nan
nan
nan
nan
nan
nan
nan
nan
nan
nan
nan
nan
nan
nan
nan
nan
nan
nan
nan
nan
nan
nan
nan
nan
nan
nan
nan
nan
nan
nan
nan
nan
nan
nan
nan
nan
nan
nan
nan
nan
nan
nan
nan
nan
nan
nan
nan
nan
nan
nan
nan
nan
nan
nan
nan
nan
nan
nan
nan
nan
nan
nan
nan
nan
nan
nan
nan
nan
nan
nan
nan
nan
nan
nan
nan
nan
nan
nan
nan
nan
nan
nan
nan
nan
nan
nan
nan
nan
nan
nan
nan
nan
nan
nan
nan
nan
nan
nan
nan
nan
nan
nan
nan
nan
nan
nan
nan
nan
nan
nan
nan
nan
nan
nan
nan
nan
nan
nan
nan
nan
nan
nan
0.8128752909137161
0.8128752909137161
1.4578908862116922
1.0536289725436339
0.09121487509643846
1.22458038616997
1.9845927112469637
1.4484044350345526
0.7069173413897105
0.577171387851926
0.577171387851926
1.531867478791984
0.898806480725536
0.898806480725536
0.898806480725536
0.898806480725536
0.898806480725536
0.898806480725536
0.898806480725536
0.898806480725536
0.898806480725536
0.898806480725536
0.898806480725536
0.898806480725536
nan
nan
nan
nan
nan
nan
nan
nan
nan
nan
nan
nan
nan
nan
nan
nan
nan
nan
nan
nan
nan
nan
nan
nan
nan
nan
nan
nan
nan
nan
nan
nan
nan
nan
nan
nan
nan
nan
nan
nan
nan
nan
nan
nan
nan
nan
nan
nan
nan
nan
nan
nan
nan
nan
nan
nan
nan
nan
nan
nan
nan
nan
nan
nan
nan
nan
nan
nan
nan
nan
nan
nan
nan
nan
nan
nan
nan
nan
nan
nan
nan
nan
nan
nan
nan
nan
nan
nan
nan
nan
nan
nan
nan
nan
nan
nan
nan
nan
nan
nan
nan
nan
14.953058459389146
14.953058459389146
1.4947926897304546
1.4947926897304546
1.4947926897304546
1.4947926897304546
1.8479265083949696
1.8479265083949696
0.7833798859725216
0.7833798859725216
0.08820710552341489
0.4033790059302723
0.4033790059302723
0.7661102671996767
2.5306798227776217
2.1060606575630194
0.11127609591757363
2.1148100812833346
2.1562671219365477
2.1377524333058124
0.6487668084155693
0.6487668084155693
0.6487668084155693
0.6487668084155693
0.6487668084155693
0.6487668084155693
0.6487668084155693
0.6487668084155693
0.6487668084155693
0.6487668084155693
0.6487668084155693
0.6487668084155693
0.6487668084155693
nan
nan
nan
nan
nan
nan
nan
nan
nan
nan
nan
nan
nan
nan
nan
nan
nan
nan
nan
nan
nan
nan
nan
nan
nan
nan
nan
nan
nan
nan
nan
nan
nan
nan
nan
nan
nan
nan
nan
nan
nan
nan
nan
nan
nan
nan
nan
nan
nan
nan
nan
nan
nan
nan
nan
nan
nan
nan
nan
nan
nan
nan
nan
nan
1.1774929546889956
1.1774929546889956
1.1774929546889956
1.1774929546889956
1.8591227380382456
1.8591227380382456
1.6415779724349622
1.6415779724349622
2.0015193590305524
2.0015193590305524
2.054343035845262
2.054343035845262
2.432718668014352
2.432718668014352
1.5197499297232333
1.5197499297232333
2.4027648647919517
2.4027648647919517
1.5603801567506095
2.159608127795075
0.8491741873684825
0.8491741873684825
0.5635870422572505
0.5635870422572505
0.5635870422572505
0.5635870422572505
0.5635870422572505
0.5635870422572505
0.5635870422572505
0.5635870422572505
0.5635870422572505
0.5635870422572505
0.5635870422572505
0.5635870422572505
0.5635870422572505
0.5635870422572505
0.5635870422572505
0.5635870422572505
0.5635870422572505
0.5635870422572505
0.5635870422572505
0.5635870422572505
0.5635870422572505
0.5635870422572505
0.5635870422572505
0.5635870422572505
0.5635870422572505
0.5635870422572505
0.5635870422572505
0.5635870422572505
0.5635870422572505
0.5635870422572505
0.5635870422572505
0.5635870422572505
0.5635870422572505
0.5635870422572505
0.5635870422572505
0.5635870422572505
0.5635870422572505
0.5635870422572505
0.5635870422572505
0.5635870422572505
0.5635870422572505
0.5635870422572505
0.5635870422572505
0.5635870422572505
0.5635870422572505
0.5635870422572505
0.5635870422572505
0.5635870422572505
0.5635870422572505
0.5635870422572505
0.5635870422572505
0.5635870422572505
0.5635870422572505
0.5635870422572505
0.5635870422572505
0.5635870422572505
0.5635870422572505
0.5635870422572505
0.5635870422572505
0.5635870422572505
0.5635870422572505
0.5635870422572505
0.5635870422572505
0.5635870422572505
0.5635870422572505
0.5635870422572505
0.5635870422572505
0.5635870422572505
0.5635870422572505
0.5635870422572505
0.5635870422572505
0.5635870422572505
0.5635870422572505
0.5635870422572505
0.5635870422572505
0.5635870422572505
0.5635870422572505
0.5635870422572505
0.5635870422572505
0.5635870422572505
0.5635870422572505
0.5635870422572505
0.5635870422572505
0.5635870422572505
0.5635870422572505
0.5635870422572505
0.5635870422572505
0.5635870422572505
0.5635870422572505
0.5635870422572505
0.5635870422572505
0.5635870422572505
0.5635870422572505
0.5635870422572505
0.5635870422572505
0.5635870422572505
0.5635870422572505
0.5635870422572505
0.5635870422572505
0.5635870422572505
0.5635870422572505
0.5635870422572505
0.5635870422572505
0.5635870422572505
0.5635870422572505
0.5635870422572505
0.5635870422572505
0.5635870422572505
0.5635870422572505
0.5635870422572505
0.5635870422572505
0.5635870422572505
0.5635870422572505
0.5635870422572505
0.5635870422572505
0.5635870422572505
0.5635870422572505
0.5635870422572505
0.5635870422572505
0.5635870422572505
0.5635870422572505
0.5635870422572505
0.5635870422572505
0.5635870422572505
0.5635870422572505
0.5635870422572505
0.5635870422572505
0.5635870422572505
0.5635870422572505
0.5635870422572505
0.5635870422572505
0.5635870422572505
0.5635870422572505
0.5635870422572505
0.5635870422572505
0.5635870422572505
0.5635870422572505
0.5635870422572505
0.5635870422572505
0.5635870422572505
0.5635870422572505
0.5635870422572505
0.5635870422572505
0.5635870422572505
0.5635870422572505
0.5635870422572505
0.5635870422572505
0.5635870422572505
0.5635870422572505
0.5635870422572505
0.5635870422572505
0.5635870422572505
0.5635870422572505
0.5635870422572505
0.5635870422572505
0.5635870422572505
0.5635870422572505
0.5635870422572505
0.5635870422572505
0.5635870422572505
0.5635870422572505
0.5635870422572505
0.5635870422572505
0.5635870422572505
0.5635870422572505
0.5635870422572505
0.5635870422572505
0.5635870422572505
0.5635870422572505
0.5635870422572505
0.5635870422572505
0.5635870422572505
0.5635870422572505
0.5635870422572505
0.5635870422572505
0.5635870422572505
0.5635870422572505
0.5635870422572505
0.5635870422572505
0.5635870422572505
0.5635870422572505
0.5635870422572505
0.5635870422572505
0.5635870422572505
0.5635870422572505
0.5635870422572505
0.5635870422572505
0.5635870422572505
0.5635870422572505
0.5635870422572505
0.5635870422572505
0.5635870422572505
0.5635870422572505
0.5635870422572505
0.5635870422572505
0.5635870422572505
0.5635870422572505
0.5635870422572505
0.5635870422572505
0.5635870422572505
0.5635870422572505
0.5635870422572505
0.5635870422572505
0.5635870422572505
0.5635870422572505
0.5635870422572505
0.5635870422572505
0.5635870422572505
0.5635870422572505
0.5635870422572505
0.5635870422572505
0.5635870422572505
0.5635870422572505
0.5635870422572505
0.5635870422572505
0.5635870422572505
0.5635870422572505
0.5635870422572505
0.5635870422572505
0.5635870422572505
0.5635870422572505
0.5635870422572505
0.5635870422572505
0.5635870422572505
0.5635870422572505
0.5635870422572505
0.5635870422572505
0.5635870422572505
0.5635870422572505
0.5635870422572505
0.5635870422572505
0.5635870422572505
0.5635870422572505
0.5635870422572505
0.5635870422572505
0.5635870422572505
0.5635870422572505
0.5635870422572505
0.5635870422572505
0.5635870422572505
0.5635870422572505
0.5635870422572505
0.5635870422572505
0.5635870422572505
0.5635870422572505
0.5635870422572505
0.5635870422572505
0.5635870422572505
0.5635870422572505
0.5635870422572505
0.5635870422572505
0.5635870422572505
0.5635870422572505
0.5635870422572505
0.5635870422572505
0.5635870422572505
0.5635870422572505
0.5635870422572505
0.5635870422572505
0.5635870422572505
0.5635870422572505
0.5635870422572505
0.5635870422572505
0.5635870422572505
0.5635870422572505
0.5635870422572505
0.5635870422572505
0.5635870422572505
0.5635870422572505
0.5635870422572505
0.5635870422572505
0.5635870422572505
0.5635870422572505
0.5635870422572505
0.5635870422572505
0.5635870422572505
0.5635870422572505
0.5635870422572505
0.5635870422572505
0.5635870422572505
0.5635870422572505
0.5635870422572505
0.5635870422572505
0.5635870422572505
0.5635870422572505
0.5635870422572505
0.5635870422572505
0.5635870422572505
0.5635870422572505
0.5635870422572505
0.5635870422572505
0.5635870422572505
0.5635870422572505
0.5635870422572505
0.5635870422572505
0.5635870422572505
0.5635870422572505
0.5635870422572505
0.5635870422572505
0.5635870422572505
0.5635870422572505
0.5635870422572505
0.5635870422572505
0.5635870422572505
0.5635870422572505
0.5635870422572505
0.5635870422572505
0.5635870422572505
0.5635870422572505
0.5635870422572505
0.5635870422572505
0.5635870422572505
0.5635870422572505
0.5635870422572505
0.5635870422572505
0.5635870422572505
0.5635870422572505
0.5635870422572505
0.5635870422572505
0.5635870422572505
0.5635870422572505
0.5635870422572505
0.5635870422572505
0.5635870422572505
0.5635870422572505
0.5635870422572505
0.5635870422572505
0.5635870422572505
0.5635870422572505
0.5635870422572505
0.5635870422572505
0.5635870422572505
0.5635870422572505
0.5635870422572505
0.5635870422572505
0.5635870422572505
0.5635870422572505
0.5635870422572505
0.5635870422572505
0.5635870422572505
0.5635870422572505
0.5635870422572505
0.5635870422572505
0.5635870422572505
0.5635870422572505
0.5635870422572505
0.5635870422572505
0.5635870422572505
0.5635870422572505
0.5635870422572505
0.5635870422572505
0.5635870422572505
0.5635870422572505
0.5635870422572505
0.5635870422572505
0.5635870422572505
0.5635870422572505
0.5635870422572505
0.5635870422572505
0.5635870422572505
0.5635870422572505
0.5635870422572505
0.5635870422572505
0.5635870422572505
0.5635870422572505
0.5635870422572505
0.5635870422572505
0.5635870422572505
0.5635870422572505
0.5635870422572505
0.5635870422572505
0.5635870422572505
0.5635870422572505
0.5635870422572505
0.5635870422572505
0.5635870422572505
0.5635870422572505
0.5635870422572505
0.5635870422572505
0.5635870422572505
0.5635870422572505
0.5635870422572505
0.5635870422572505
0.5635870422572505
0.5635870422572505
0.5635870422572505
0.5635870422572505
0.5635870422572505
0.5635870422572505
0.5635870422572505
0.5635870422572505
0.5635870422572505
0.5635870422572505
0.5635870422572505
0.5635870422572505
0.5635870422572505
0.5635870422572505
0.5635870422572505
0.5635870422572505
0.5635870422572505
0.5635870422572505
0.5635870422572505
0.5635870422572505
0.5635870422572505
0.5635870422572505
0.5635870422572505
0.5635870422572505
0.5635870422572505
0.5635870422572505
0.5635870422572505
0.5635870422572505
0.5635870422572505
0.5635870422572505
0.5635870422572505
0.5635870422572505
0.5635870422572505
0.5635870422572505
0.5635870422572505
0.5635870422572505
0.5635870422572505
0.5635870422572505
0.5635870422572505
0.5635870422572505
0.5635870422572505
0.5635870422572505
0.5635870422572505
0.5635870422572505
0.5635870422572505
0.5635870422572505
0.5635870422572505
0.5635870422572505
0.5635870422572505
0.5635870422572505
0.5635870422572505
0.5635870422572505
0.5635870422572505
0.5635870422572505
0.5635870422572505
0.5635870422572505
0.5635870422572505
0.5635870422572505
0.5635870422572505
0.5635870422572505
0.5635870422572505
0.5635870422572505
0.5635870422572505
0.5635870422572505
0.5635870422572505
0.5635870422572505
0.5635870422572505
0.5635870422572505
0.5635870422572505
0.5635870422572505
0.5635870422572505
0.5635870422572505
0.5635870422572505
0.5635870422572505
0.5635870422572505
0.5635870422572505
0.5635870422572505
0.5635870422572505
0.5635870422572505
0.5635870422572505
0.5635870422572505
0.5635870422572505
0.5635870422572505
0.5635870422572505
0.5635870422572505
0.5635870422572505
0.5635870422572505
0.5635870422572505
0.5635870422572505
0.5635870422572505
0.5635870422572505
0.5635870422572505
0.5635870422572505
0.5635870422572505
0.5635870422572505
0.5635870422572505
0.5635870422572505
0.5635870422572505
0.5635870422572505
0.5635870422572505
0.5635870422572505
0.5635870422572505
0.5635870422572505
0.5635870422572505
0.5635870422572505
0.5635870422572505
0.5635870422572505
0.5635870422572505
0.5635870422572505
0.5635870422572505
0.5635870422572505
0.5635870422572505
0.5635870422572505
0.5635870422572505
0.5635870422572505
0.5635870422572505
0.5635870422572505
0.5635870422572505
0.5635870422572505
0.5635870422572505
0.5635870422572505
0.5635870422572505
0.5635870422572505
0.5635870422572505
0.5635870422572505
0.5635870422572505
0.5635870422572505
0.5635870422572505
0.5635870422572505
0.5635870422572505
0.5635870422572505
0.5635870422572505
0.5635870422572505
0.5635870422572505
0.5635870422572505
0.5635870422572505
0.5635870422572505
0.5635870422572505
0.5635870422572505
0.5635870422572505
0.5635870422572505
0.5635870422572505
0.5635870422572505
0.5635870422572505
0.5635870422572505
0.5635870422572505
0.5635870422572505
0.5635870422572505
0.5635870422572505
0.5635870422572505
0.5635870422572505
0.5635870422572505
0.5635870422572505
0.5635870422572505
0.5635870422572505
0.5635870422572505
0.5635870422572505
0.5635870422572505
0.5635870422572505
0.5635870422572505
0.5635870422572505
0.5635870422572505
0.5635870422572505
0.5635870422572505
0.5635870422572505
