1.0965461730957031
1.070937156677246
1.07208251953125
1.08681058883667
1.1026747226715088
1.1172852516174316
1.1319019794464111
1.144698143005371
1.0038831233978271
0.9796919822692871
0.9899466037750244
1.0076563358306885
1.0192320346832275
1.0330510139465332
0.7495298385620117
0.7100064754486084
0.7183306217193604
0.7411270141601562
0.7610819339752197
0.7731554508209229
0.7815196514129639
0.7880702018737793
0.7947177886962891
0.8019843101501465
0.8082122802734375
0.8146786689758301
0.8212437629699707
0.8280043601989746
0.8342666625976562
0.8423409461975098
0.8503894805908203
0.8582367897033691
0.5687651634216309
0.5149602890014648
0.53316330909729
0.5598652362823486
0.5845199823379517
0.5977283716201782
0.6089545488357544
0.6201800107955933
0.6269978284835815
0.6323473453521729
0.6392056941986084
0.6452724933624268
0.6531023979187012
0.6608401536941528
0.665623664855957
0.6703431606292725
0.6754369735717773
0.6813247203826904
0.6877298355102539
0.6947884559631348
0.7017642259597778
0.708340048789978
0.7167532444000244
0.7256234884262085
0.55766761302948
0.5276843309402466
0.5383418798446655
0.5645990371704102
0.5835492610931396
0.6038082838058472
0.6197594404220581
0.6319435834884644
0.646928071975708
0.6609346866607666
0.3380603790283203
0.2910345792770386
0.3171471357345581
0.34723758697509766
0.36131978034973145
0.36984312534332275
0.37833166122436523
0.3848379850387573
0.39081549644470215
0.39703428745269775
0.4043046236038208
0.4121135473251343
0.41948211193084717
0.42862582206726074
0.43671417236328125
0.44447433948516846
0.451979398727417
0.4606057405471802
0.4700188636779785
0.26054632663726807
0.22178328037261963
0.23996984958648682
0.2523057460784912
0.2718011140823364
0.28480064868927
0.29846882820129395
0.30401182174682617
0.30899643898010254
0.31467878818511963
0.32052159309387207
0.328710675239563
0.3342708349227905
0.34048783779144287
0.3464367389678955
0.3519078493118286
0.3593564033508301
0.10272133350372314
0.07032418251037598
0.10790777206420898
0.1400364637374878
0.16129541397094727
0.17608106136322021
0.19085514545440674
0.205780029296875
0.21858477592468262
2.0823543071746826
2.512389898300171
2.3716490268707275
2.259748935699463
1.6589815616607666
1.5360381603240967
1.3966166973114014
1.408886432647705
1.4581527709960938
1.497225046157837
1.5172905921936035
1.3504559993743896
1.3514626026153564
1.3660333156585693
1.3822054862976074
1.3946998119354248
1.4110791683197021
1.4250831604003906
1.442103624343872
1.2385551929473877
1.217278003692627
1.2437632083892822
1.2683298587799072
1.2859992980957031
1.3011584281921387
1.3154549598693848
1.3283417224884033
1.3393263816833496
1.1002509593963623
1.073845624923706
1.0945608615875244
1.1161818504333496
1.1314940452575684
1.1454925537109375
1.1563663482666016
1.164790153503418
1.174774408340454
1.1840059757232666
1.1935956478118896
1.2048938274383545
1.2160019874572754
1.2261979579925537
1.1407256126403809
1.1566815376281738
0.9826173782348633
0.9582545757293701
0.9746787548065186
0.9903290271759033
1.001648187637329
1.014507532119751
1.0277059078216553
1.0383245944976807
0.8586165904998779
0.8362236022949219
0.8514003753662109
0.8545982837677002
0.865903377532959
0.8756799697875977
0.8827581405639648
0.8891561031341553
0.893446683883667
0.9005498886108398
0.9083003997802734
0.9176638126373291
0.9267063140869141
0.6548690795898438
0.6011546850204468
0.6222127676010132
0.6516885757446289
0.6686571836471558
0.6864567995071411
0.694507360458374
0.6998997926712036
0.7092537879943848
0.7181422710418701
0.726098895072937
0.7322732210159302
0.7393982410430908
0.7465724945068359
0.7534666061401367
0.7600319385528564
0.7676668167114258
0.7755100727081299
0.783557653427124
0.5767227411270142
0.5330127477645874
0.5534379482269287
0.5780980587005615
0.6018714904785156
0.6201471090316772
0.629054069519043
0.6354737281799316
0.6470128297805786
0.6589640378952026
0.6693319082260132
0.679044246673584
0.6912686824798584
0.703744649887085
0.4413391351699829
0.4222538471221924
0.4481116533279419
0.47781097888946533
0.49622130393981934
0.5116809606552124
0.527247428894043
0.539944052696228
0.5502647161483765
0.5614360570907593
0.5731271505355835
0.58428955078125
0.5947144031524658
0.6061564683914185
0.6171540021896362
0.29018545150756836
0.25239086151123047
0.2778642177581787
0.30500316619873047
0.32396185398101807
0.3352055549621582
0.34501123428344727
0.35343408584594727
0.36138904094696045
0.3672142028808594
0.37704193592071533
0.38804101943969727
0.39585912227630615
0.4029421806335449
0.411871075630188
0.4204254150390625
0.4287146329879761
0.4367748498916626
0.4472541809082031
0.10249507427215576
0.05259978771209717
0.07821512222290039
0.11914491653442383
0.14664769172668457
0.15858793258666992
0.16658246517181396
0.173475980758667
0.18003320693969727
0.1864093542098999
0.1924271583557129
0.20158839225769043
0.20864629745483398
0.21535968780517578
0.22172677516937256
0.22878408432006836
0.23557627201080322
0.24110639095306396
0.24676012992858887
0.2521718740463257
0.25770819187164307
0.2647666931152344
0.2718172073364258
0.2790048122406006
0.8062348365783691
0.929969310760498
0.6723533868789673
0.5613114833831787
0.5746864080429077
0.610692024230957
0.6379071474075317
0.39466702938079834
0.3599991798400879
0.40682804584503174
0.43258213996887207
0.4477388858795166
0.4610555171966553
0.47304999828338623
0.4853382110595703
0.497979998588562
0.29799890518188477
0.27594149112701416
0.3014390468597412
0.31495916843414307
0.32656145095825195
0.3375840187072754
0.3651796579360962
0.38786566257476807
0.40516197681427
0.42267441749572754
0.43998897075653076
0.45613741874694824
0.12337720394134521
0.07214748859405518
0.07791996002197266
0.10014915466308594
0.07530152797698975
