0.0
0.0
0.0
0.0
0.0
0.0
0.0
0.0
0.0
0.0
0.0
0.0
0.0
0.0
0.0
0.0
0.0
0.0
0.0
0.0
0.0
0.0
0.0
0.0
0.0
0.0
0.0
0.0
0.0
0.0
0.0
0.0
0.0
0.0
0.0
0.0
0.0
0.0
0.0
0.0
0.0
0.0
0.0
0.0
0.0
0.0
0.0
0.0
0.0
0.0
0.0
0.0
0.0
0.0
0.0
0.0
0.0
0.0
0.0
0.0
0.0
0.0
0.0
0.0
0.0
0.0
0.0
0.0
0.0
0.0
0.0
0.0
0.0
0.0
0.0
0.0
0.0
0.0
0.0
0.0
0.0
0.0
0.0
0.0
0.0
0.0
0.0
0.0
0.0
0.0
0.0
0.0
0.0
0.0
0.0
0.0
0.0
0.0
0.0
0.0
0.0
0.0
0.0
0.0
0.0
0.0
0.0
0.0
0.0
0.0
0.0
0.0
0.0
0.0
0.0
0.0
0.0
0.0
0.0
0.0
0.0
0.0
0.0
0.0
0.0
0.0
0.0
0.0
0.0
0.0
0.0
0.0
0.0
0.0
0.0
0.0
0.0
0.0
0.0
0.0
0.0
0.0
0.0
0.0
0.0
0.0
0.0
0.0
0.0
0.0
0.0
0.0
0.0
0.0
0.0
0.0
0.0
0.0
0.0
0.0
0.0
0.0
0.0
0.0
0.0
0.0
0.0
0.0
0.0
0.0
0.0
0.0
0.0
0.0
0.0
0.0
0.0
0.0
0.0
0.0
0.0
0.0
0.0
0.0
0.0
0.0
0.0
0.0
0.0
0.0
0.0
0.0
0.0
0.0
0.0
0.0
0.0
0.0
0.0
0.0
0.0
0.0
0.0
0.0
0.0
0.0
0.0
0.0
0.0
0.0
0.0
0.0
0.0
0.0
0.0
0.0
0.0
0.0
0.0
0.0
0.0
0.0
0.0
0.0
0.0
0.0
0.0
0.0
0.0
0.0
0.0
0.0
0.0
0.0
0.0
0.0
0.0
0.0
0.0
0.2510126236048563
0.2510126236048563
0.2510126236048563
0.2510126236048563
0.2600006052754308
0.2600006052754308
0.2600006052754308
0.2600006052754308
0.2600006052754308
0.2600006052754308
0.2600006052754308
0.2600006052754308
0.2600006052754308
0.2600006052754308
0.2600006052754308
0.26000188450293377
0.26000188450293377
0.26000188450293377
0.26000188450293377
0.26000188450293377
0.26000188450293377
0.26000188450293377
0.26000188450293377
0.26000188450293377
0.2600002214459256
0.2600002214459256
0.2600002214459256
0.2600002214459256
0.26000099371411317
0.26000099371411317
0.25999999046325684
0.25999999046325684
0.25999999046325684
0.25999999046325684
0.25999999046325684
0.24680152535438538
0.24680152535438538
0.24680152535438538
0.25999999046325684
0.25999999046325684
0.25999999046325684
0.25999999046325684
0.25999999046325684
0.25999999046325684
0.26000002978650916
0.26000002978650916
0.25999999046325684
0.25999999046325684
0.25999999046325684
0.25999999046325684
0.25999999046325684
0.25999999046325684
0.25999999046325684
0.25999999046325684
0.25999999046325684
0.25999999046325684
0.25999999046325684
0.25999999046325684
0.25999999046325684
0.25999999046325684
0.24679048359394073
