1.377240061759948730e+00,2.017391204833984375e+00
1.400979280471801758e+00,2.018647670745849609e+00
1.392063140869140625e+00,2.032586336135864258e+00
1.403817296028137207e+00,2.038733959197998047e+00
1.423230051994323730e+00,2.046392679214477539e+00
1.445634961128234863e+00,2.052907705307006836e+00
1.434385299682617188e+00,2.064601182937622070e+00
1.436241626739501953e+00,2.071370840072631836e+00
1.442889094352722168e+00,2.077128648757934570e+00
1.456127285957336426e+00,2.081037044525146484e+00
1.455574512481689453e+00,2.094541072845458984e+00
1.459210991859436035e+00,2.105474472045898438e+00
1.466763019561767578e+00,2.115132331848144531e+00
1.445903897285461426e+00,2.126222372055053711e+00
1.431367039680480957e+00,2.135900259017944336e+00
1.422580361366271973e+00,2.146075010299682617e+00
1.420247077941894531e+00,2.154259443283081055e+00
1.420754909515380859e+00,2.160347700119018555e+00
1.425142049789428711e+00,2.165717840194702148e+00
1.432394146919250488e+00,2.170980453491210938e+00
1.442352533340454102e+00,2.176964998245239258e+00
1.453925251960754395e+00,2.182436704635620117e+00
1.444631457328796387e+00,2.189516544342041016e+00
1.438405036926269531e+00,2.195489168167114258e+00
1.435246467590332031e+00,2.201186656951904297e+00
1.434887647628784180e+00,2.206360578536987305e+00
1.437293529510498047e+00,2.210994958877563477e+00
1.442497134208679199e+00,2.215225934982299805e+00
1.449602484703063965e+00,2.219349861145019531e+00
1.458435893058776855e+00,2.223380804061889648e+00
1.468803763389587402e+00,2.227800130844116211e+00
1.480179786682128906e+00,2.232331037521362305e+00
1.473084926605224609e+00,2.237336158752441406e+00
1.467665433883666992e+00,2.242240667343139648e+00
1.464329957962036133e+00,2.246896266937255859e+00
1.467594385147094727e+00,2.251452445983886719e+00
1.472527742385864258e+00,2.255358457565307617e+00
1.479039907455444336e+00,2.259128808975219727e+00
1.487248182296752930e+00,2.263275861740112305e+00
1.496742010116577148e+00,2.267407894134521484e+00
1.506743907928466797e+00,2.271367073059082031e+00
1.501847505569458008e+00,2.275974512100219727e+00
1.498671293258666992e+00,2.280376672744750977e+00
1.505628108978271484e+00,2.285453081130981445e+00
1.513338565826416016e+00,2.289611577987670898e+00
1.517993569374084473e+00,2.295776605606079102e+00
1.523459196090698242e+00,2.300877571105957031e+00
1.521443367004394531e+00,2.307027339935302734e+00
1.522931456565856934e+00,2.314599275588989258e+00
1.524746060371398926e+00,2.321564435958862305e+00
1.523346066474914551e+00,2.330717325210571289e+00
1.301330327987670898e+00,2.231179475784301758e+00
1.322622776031494141e+00,2.228482723236083984e+00
1.270345568656921387e+00,2.247505903244018555e+00
1.259345889091491699e+00,2.252034187316894531e+00
1.263535737991333008e+00,2.252618551254272461e+00
1.278905987739562988e+00,2.253351926803588867e+00
1.303871989250183105e+00,2.259793519973754883e+00
1.329576730728149414e+00,2.264471292495727539e+00
1.357756972312927246e+00,2.266660928726196289e+00
1.385535955429077148e+00,2.266007423400878906e+00
1.413860797882080078e+00,2.265552759170532227e+00
1.387220501899719238e+00,2.272765636444091797e+00
1.368449687957763672e+00,2.277163743972778320e+00
1.357984542846679688e+00,2.282620906829833984e+00
1.354473710060119629e+00,2.288166284561157227e+00
1.355078458786010742e+00,2.292152166366577148e+00
1.359616041183471680e+00,2.295190334320068359e+00
1.367101192474365234e+00,2.297448396682739258e+00
1.378589868545532227e+00,2.299026727676391602e+00
1.391119241714477539e+00,2.301451444625854492e+00
1.384102463722229004e+00,2.307053089141845703e+00
1.379719853401184082e+00,2.311441183090209961e+00
1.379035949707031250e+00,2.315005540847778320e+00
1.381276130676269531e+00,2.318115472793579102e+00
1.385657072067260742e+00,2.321732759475708008e+00
1.404880285263061523e+00,2.326526880264282227e+00
1.423459529876708984e+00,2.330373287200927734e+00
1.416742324829101562e+00,2.335294723510742188e+00
1.412339210510253906e+00,2.340743780136108398e+00
1.410659432411193848e+00,2.346011400222778320e+00
1.410728812217712402e+00,2.350865840911865234e+00
1.413949489593505859e+00,2.355100154876708984e+00
1.418771743774414062e+00,2.359021186828613281e+00
1.430172324180603027e+00,2.363430023193359375e+00
1.442219972610473633e+00,2.366577625274658203e+00
1.436561465263366699e+00,2.371775627136230469e+00
1.432814836502075195e+00,2.376572608947753906e+00
1.430428147315979004e+00,2.380660533905029297e+00
1.430268168449401855e+00,2.384517669677734375e+00
1.432259798049926758e+00,2.388498783111572266e+00
1.435656428337097168e+00,2.393024444580078125e+00
1.442595124244689941e+00,2.397283792495727539e+00
1.450237989425659180e+00,2.400531530380249023e+00
1.445691347122192383e+00,2.405406713485717773e+00
1.448457479476928711e+00,2.410337924957275391e+00
1.452857017517089844e+00,2.415164709091186523e+00
1.457949399948120117e+00,2.419090747833251953e+00
1.459502220153808594e+00,2.425156354904174805e+00
1.461963891983032227e+00,2.430547237396240234e+00
1.464994072914123535e+00,2.435192823410034180e+00
1.463186979293823242e+00,2.443365573883056641e+00
1.462231159210205078e+00,2.450611352920532227e+00
1.459094643592834473e+00,2.459331512451171875e+00
1.455440640449523926e+00,2.468251466751098633e+00
1.090367317199707031e+00,2.361629486083984375e+00
1.127310514450073242e+00,2.360659122467041016e+00
1.157328963279724121e+00,2.354145050048828125e+00
1.187984704971313477e+00,2.354738712310791016e+00
1.226087927818298340e+00,2.358060598373413086e+00
1.257755398750305176e+00,2.359617948532104492e+00
1.234609484672546387e+00,2.366571903228759766e+00
1.222968101501464844e+00,2.369498014450073242e+00
1.225864529609680176e+00,2.377610206604003906e+00
1.233085870742797852e+00,2.382648229598999023e+00
1.243829488754272461e+00,2.385736227035522461e+00
1.258499383926391602e+00,2.387016534805297852e+00
1.244215488433837891e+00,2.393250465393066406e+00
1.239286303520202637e+00,2.401190042495727539e+00
1.238043189048767090e+00,2.406599998474121094e+00
1.241162538528442383e+00,2.410565376281738281e+00
1.248607397079467773e+00,2.414692401885986328e+00
1.258031487464904785e+00,2.419322729110717773e+00
1.250062227249145508e+00,2.427484512329101562e+00
1.245211839675903320e+00,2.433374166488647461e+00
1.243376493453979492e+00,2.438771009445190430e+00
1.246495842933654785e+00,2.444930315017700195e+00
1.254563927650451660e+00,2.449372291564941406e+00
1.263964533805847168e+00,2.453662633895874023e+00
1.282497763633728027e+00,2.458393573760986328e+00
1.301313281059265137e+00,2.461416006088256836e+00
1.293333649635314941e+00,2.467021465301513672e+00
1.287926554679870605e+00,2.472045183181762695e+00
1.285944104194641113e+00,2.477166175842285156e+00
1.286014199256896973e+00,2.481321811676025391e+00
1.289003133773803711e+00,2.485109806060791016e+00
1.300226092338562012e+00,2.489778041839599609e+00
1.312108397483825684e+00,2.493109464645385742e+00
1.309805870056152344e+00,2.498630285263061523e+00
1.308453917503356934e+00,2.504755020141601562e+00
1.314699649810791016e+00,2.510867834091186523e+00
1.321851968765258789e+00,2.515680313110351562e+00
1.329519152641296387e+00,2.519544363021850586e+00
1.332586407661437988e+00,2.526541233062744141e+00
1.336968064308166504e+00,2.532019376754760742e+00
1.335911035537719727e+00,2.541350603103637695e+00
1.336033105850219727e+00,2.549387693405151367e+00
1.332431077957153320e+00,2.559939861297607422e+00
1.329950571060180664e+00,2.569263219833374023e+00
1.328442811965942383e+00,2.577526807785034180e+00
1.163681149482727051e+00,2.369254827499389648e+00
1.183750391006469727e+00,2.369310140609741211e+00
1.133435368537902832e+00,2.390944242477416992e+00
1.123252630233764648e+00,2.398205280303955078e+00
1.126260519027709961e+00,2.398075342178344727e+00
1.141664862632751465e+00,2.397764921188354492e+00
1.161486744880676270e+00,2.404281377792358398e+00
1.146180987358093262e+00,2.414020061492919922e+00
1.137132167816162109e+00,2.419888496398925781e+00
1.140994310379028320e+00,2.428604125976562500e+00
1.148707389831542969e+00,2.433756113052368164e+00
1.160611271858215332e+00,2.437057256698608398e+00
1.176320910453796387e+00,2.442075729370117188e+00
1.193076014518737793e+00,2.445689439773559570e+00
1.187193036079406738e+00,2.454306125640869141e+00
1.185173988342285156e+00,2.460403442382812500e+00
1.186854362487792969e+00,2.465268850326538086e+00
1.193677544593811035e+00,2.470782041549682617e+00
1.205515623092651367e+00,2.475314617156982422e+00
1.197279453277587891e+00,2.483935117721557617e+00
1.191642880439758301e+00,2.490216493606567383e+00
1.189785480499267578e+00,2.495678663253784180e+00
1.192264199256896973e+00,2.501760244369506836e+00
1.196277022361755371e+00,2.506154775619506836e+00
1.202830553054809570e+00,2.510132312774658203e+00
1.212067365646362305e+00,2.514878511428833008e+00
1.229854702949523926e+00,2.518020629882812500e+00
1.222644090652465820e+00,2.523841142654418945e+00
1.217325806617736816e+00,2.529044151306152344e+00
1.215616345405578613e+00,2.534248828887939453e+00
1.216167092323303223e+00,2.538749456405639648e+00
1.225875616073608398e+00,2.544290304183959961e+00
1.236471891403198242e+00,2.548761606216430664e+00
1.247551918029785156e+00,2.552106857299804688e+00
1.247055053710937500e+00,2.557782411575317383e+00
1.253003597259521484e+00,2.564014196395874023e+00
1.257481336593627930e+00,2.570876359939575195e+00
1.258277297019958496e+00,2.580052852630615234e+00
1.260383009910583496e+00,2.587733030319213867e+00
1.258397459983825684e+00,2.598115444183349609e+00
1.257538318634033203e+00,2.607188940048217773e+00
1.257652044296264648e+00,2.615140676498413086e+00
1.254035353660583496e+00,2.625618219375610352e+00
1.039123058319091797e+00,2.439952850341796875e+00
1.065032482147216797e+00,2.433754444122314453e+00
1.092173457145690918e+00,2.425345182418823242e+00
1.077127218246459961e+00,2.438970088958740234e+00
1.075688600540161133e+00,2.443902254104614258e+00
1.091978311538696289e+00,2.454288959503173828e+00
1.111471295356750488e+00,2.460337877273559570e+00
1.133064508438110352e+00,2.465949535369873047e+00
1.158541917800903320e+00,2.469604730606079102e+00
1.184204816818237305e+00,2.471499204635620117e+00
1.169045686721801758e+00,2.477104425430297852e+00
1.163980364799499512e+00,2.485777378082275391e+00
1.162661671638488770e+00,2.491994142532348633e+00
1.167203307151794434e+00,2.496037960052490234e+00
1.179801702499389648e+00,2.500142574310302734e+00
1.194190263748168945e+00,2.504277467727661133e+00
1.185012817382812500e+00,2.512427330017089844e+00
1.179466605186462402e+00,2.518273591995239258e+00
1.177214622497558594e+00,2.523138046264648438e+00
1.180387139320373535e+00,2.528695344924926758e+00
1.185529828071594238e+00,2.532610654830932617e+00
1.193325638771057129e+00,2.536340475082397461e+00
1.203044772148132324e+00,2.539757251739501953e+00
1.193083524703979492e+00,2.547078132629394531e+00
1.185950756072998047e+00,2.552701711654663086e+00
1.181675076484680176e+00,2.557367086410522461e+00
1.180132031440734863e+00,2.561887979507446289e+00
1.181529760360717773e+00,2.566068887710571289e+00
1.184663534164428711e+00,2.569637060165405273e+00
1.191601514816284180e+00,2.572711229324340820e+00
1.199586391448974609e+00,2.576753854751586914e+00
1.209989309310913086e+00,2.581371307373046875e+00
1.202783584594726562e+00,2.586498737335205078e+00
1.196720004081726074e+00,2.591080427169799805e+00
1.197579503059387207e+00,2.595642089843750000e+00
1.204770684242248535e+00,2.600927114486694336e+00
1.212854981422424316e+00,2.604905366897583008e+00
1.214681863784790039e+00,2.611442089080810547e+00
1.218760609626770020e+00,2.617633819580078125e+00
1.223706841468811035e+00,2.622673273086547852e+00
1.225494265556335449e+00,2.629733324050903320e+00
1.228252410888671875e+00,2.635654449462890625e+00
1.227143049240112305e+00,2.644190549850463867e+00
1.224290966987609863e+00,2.653774023056030273e+00
1.222520232200622559e+00,2.662178039550781250e+00
1.218179821968078613e+00,2.672309398651123047e+00
1.214965701103210449e+00,2.681268692016601562e+00
1.083414077758789062e+00,2.439629793167114258e+00
1.106461167335510254e+00,2.441102743148803711e+00
1.193701386451721191e+00,2.436292886734008789e+00
1.152343153953552246e+00,2.447487354278564453e+00
1.135969161987304688e+00,2.450381994247436523e+00
1.138871788978576660e+00,2.456077814102172852e+00
1.148723363876342773e+00,2.463477373123168945e+00
1.169800162315368652e+00,2.468902587890625000e+00
1.190496206283569336e+00,2.471039772033691406e+00
1.214719533920288086e+00,2.472497224807739258e+00
1.192220211029052734e+00,2.479394912719726562e+00
1.175610542297363281e+00,2.484217405319213867e+00
1.170193791389465332e+00,2.490209102630615234e+00
1.169373393058776855e+00,2.493725061416625977e+00
1.177537322044372559e+00,2.497895479202270508e+00
1.188418626785278320e+00,2.500856399536132812e+00
1.202739119529724121e+00,2.503732204437255859e+00
1.231879472732543945e+00,2.507520437240600586e+00
1.221028804779052734e+00,2.514488935470581055e+00
1.213815450668334961e+00,2.520077705383300781e+00
1.210594415664672852e+00,2.524677753448486328e+00
1.211673617362976074e+00,2.529474020004272461e+00
1.215249061584472656e+00,2.533190965652465820e+00
1.220712065696716309e+00,2.536928415298461914e+00
1.210779428482055664e+00,2.544119834899902344e+00
1.203069806098937988e+00,2.549823760986328125e+00
1.198024749755859375e+00,2.554950475692749023e+00
1.197162508964538574e+00,2.560108184814453125e+00
1.197349309921264648e+00,2.564182758331298828e+00
1.200554966926574707e+00,2.567541360855102539e+00
1.206103205680847168e+00,2.572210311889648438e+00
1.212885379791259766e+00,2.576479911804199219e+00
1.225014925003051758e+00,2.579085826873779297e+00
1.215276241302490234e+00,2.584933042526245117e+00
1.207843780517578125e+00,2.589771032333374023e+00
1.201940536499023438e+00,2.594015359878540039e+00
1.198502659797668457e+00,2.598067283630371094e+00
1.197593569755554199e+00,2.602050304412841797e+00
1.197808861732482910e+00,2.606066226959228516e+00
1.202443718910217285e+00,2.609263658523559570e+00
1.208539485931396484e+00,2.613483428955078125e+00
1.215479731559753418e+00,2.616756916046142578e+00
1.207837343215942383e+00,2.621734619140625000e+00
1.212752819061279297e+00,2.626062631607055664e+00
1.213452458381652832e+00,2.632660150527954102e+00
1.215187668800354004e+00,2.638822078704833984e+00
1.217862486839294434e+00,2.643927335739135742e+00
1.217091560363769531e+00,2.651390075683593750e+00
1.217261552810668945e+00,2.657880783081054688e+00
1.218151450157165527e+00,2.663542985916137695e+00
1.215840935707092285e+00,2.671428918838500977e+00
1.214473605155944824e+00,2.678335666656494141e+00
1.210192680358886719e+00,2.687350749969482422e+00
1.353084087371826172e+00,2.439962148666381836e+00
1.163057565689086914e+00,2.475299835205078125e+00
1.112404227256774902e+00,2.480256319046020508e+00
1.101183056831359863e+00,2.481260776519775391e+00
1.142037153244018555e+00,2.484179496765136719e+00
1.176211476325988770e+00,2.483823060989379883e+00
1.145429849624633789e+00,2.492194414138793945e+00
1.125954151153564453e+00,2.497564792633056641e+00
1.122619152069091797e+00,2.504879951477050781e+00
1.125419855117797852e+00,2.510901212692260742e+00
1.139843225479125977e+00,2.513929367065429688e+00
1.156623244285583496e+00,2.516304492950439453e+00
1.140225172042846680e+00,2.523361206054687500e+00
1.131500124931335449e+00,2.531894683837890625e+00
1.128086924552917480e+00,2.537725925445556641e+00
1.130751371383666992e+00,2.543052911758422852e+00
1.136330604553222656e+00,2.548008441925048828e+00
1.144361257553100586e+00,2.552855253219604492e+00
1.170872449874877930e+00,2.557148218154907227e+00
1.162931561470031738e+00,2.563732147216796875e+00
1.158966541290283203e+00,2.569840192794799805e+00
1.159390568733215332e+00,2.575201988220214844e+00
1.162016272544860840e+00,2.579294443130493164e+00
1.167528390884399414e+00,2.583389282226562500e+00
1.174460649490356445e+00,2.588016748428344727e+00
1.188261747360229492e+00,2.593269824981689453e+00
1.202596426010131836e+00,2.596925258636474609e+00
1.193247675895690918e+00,2.602843999862670898e+00
1.186694860458374023e+00,2.608283758163452148e+00
1.183043003082275391e+00,2.612956285476684570e+00
1.182071208953857422e+00,2.617553234100341797e+00
1.183408617973327637e+00,2.621778488159179688e+00
1.187649250030517578e+00,2.626297950744628906e+00
1.192550897598266602e+00,2.630725145339965820e+00
1.200020909309387207e+00,2.635186195373535156e+00
1.208353400230407715e+00,2.638405323028564453e+00
1.197852730751037598e+00,2.644190073013305664e+00
1.193042874336242676e+00,2.649173498153686523e+00
1.192081212997436523e+00,2.653918027877807617e+00
1.196761012077331543e+00,2.658746719360351562e+00
1.202183127403259277e+00,2.662549495697021484e+00
1.192873954772949219e+00,2.668218374252319336e+00
1.185368061065673828e+00,2.673318862915039062e+00
1.187865138053894043e+00,2.678804159164428711e+00
1.191265702247619629e+00,2.683247089385986328e+00
1.182938337326049805e+00,2.689422845840454102e+00
1.176307201385498047e+00,2.695744991302490234e+00
1.178089261054992676e+00,2.700855255126953125e+00
1.176547050476074219e+00,2.708282470703125000e+00
1.175902366638183594e+00,2.714777231216430664e+00
1.172859311103820801e+00,2.722889661788940430e+00
1.170824170112609863e+00,2.729994773864746094e+00
1.165839195251464844e+00,2.739188432693481445e+00
1.161747097969055176e+00,2.747528553009033203e+00
1.156504034996032715e+00,2.756593227386474609e+00
1.316365361213684082e+00,2.437939882278442383e+00
1.329013943672180176e+00,2.433823823928833008e+00
1.207467436790466309e+00,2.460837364196777344e+00
1.153182387351989746e+00,2.473628997802734375e+00
1.172500252723693848e+00,2.481040239334106445e+00
1.192150712013244629e+00,2.482160568237304688e+00
1.213839650154113770e+00,2.482068777084350586e+00
1.174881935119628906e+00,2.493098974227905273e+00
1.148137331008911133e+00,2.498339891433715820e+00
1.134616971015930176e+00,2.502901315689086914e+00
1.128951191902160645e+00,2.509856700897216797e+00
1.137551069259643555e+00,2.513455629348754883e+00
1.148695826530456543e+00,2.515782594680786133e+00
1.130382299423217773e+00,2.522325754165649414e+00
1.117248058319091797e+00,2.528359889984130859e+00
1.111401081085205078e+00,2.533956050872802734e+00
1.109827399253845215e+00,2.538666725158691406e+00
1.112609982490539551e+00,2.544371843338012695e+00
1.117884278297424316e+00,2.548674821853637695e+00
1.125822544097900391e+00,2.551711559295654297e+00
1.115180134773254395e+00,2.559748411178588867e+00
1.107237577438354492e+00,2.566254377365112305e+00
1.102925181388854980e+00,2.571745634078979492e+00
1.103025913238525391e+00,2.577499628067016602e+00
1.104933977127075195e+00,2.581567287445068359e+00
1.109218716621398926e+00,2.585438728332519531e+00
1.114971756935119629e+00,2.590597867965698242e+00
1.129910349845886230e+00,2.595384836196899414e+00
1.145268678665161133e+00,2.598714113235473633e+00
1.138399362564086914e+00,2.604127168655395508e+00
1.134355425834655762e+00,2.609204053878784180e+00
1.133076548576354980e+00,2.613510370254516602e+00
1.133826017379760742e+00,2.617697954177856445e+00
1.136459112167358398e+00,2.621517658233642578e+00
1.140771985054016113e+00,2.625654458999633789e+00
1.149473428726196289e+00,2.630133390426635742e+00
1.158939599990844727e+00,2.633411169052124023e+00
1.150379538536071777e+00,2.639182329177856445e+00
1.143165946006774902e+00,2.643996000289916992e+00
1.141927003860473633e+00,2.648575782775878906e+00
1.142195105552673340e+00,2.653133869171142578e+00
1.144669175148010254e+00,2.657135486602783203e+00
1.147945880889892578e+00,2.660998582839965820e+00
1.153090357780456543e+00,2.665295600891113281e+00
1.158994793891906738e+00,2.668618202209472656e+00
1.149865269660949707e+00,2.674268245697021484e+00
1.142910957336425781e+00,2.679073333740234375e+00
1.136949539184570312e+00,2.683268547058105469e+00
1.129010677337646484e+00,2.689190387725830078e+00
1.122225761413574219e+00,2.694643020629882812e+00
1.123376488685607910e+00,2.700703382492065430e+00
1.125286579132080078e+00,2.705916166305541992e+00
1.127865076065063477e+00,2.710353136062622070e+00
1.120764017105102539e+00,2.716406822204589844e+00
1.114810228347778320e+00,2.722383737564086914e+00
1.114603400230407715e+00,2.728515863418579102e+00
1.115182995796203613e+00,2.733817577362060547e+00
1.113598227500915527e+00,2.740598917007446289e+00
1.110089778900146484e+00,2.748678207397460938e+00
1.107280015945434570e+00,2.756052732467651367e+00
1.105306625366210938e+00,2.762599706649780273e+00
1.100846171379089355e+00,2.770957946777343750e+00
1.097234129905700684e+00,2.778497219085693359e+00
1.303697586059570312e+00,2.434178829193115234e+00
1.324546337127685547e+00,2.429985523223876953e+00
1.295760750770568848e+00,2.452435255050659180e+00
1.291912078857421875e+00,2.459020137786865234e+00
1.200080513954162598e+00,2.480969667434692383e+00
1.145243167877197266e+00,2.490886449813842773e+00
1.114338159561157227e+00,2.497468233108520508e+00
1.121839284896850586e+00,2.506647109985351562e+00
1.139070749282836914e+00,2.510061502456665039e+00
1.107543110847473145e+00,2.519167423248291016e+00
1.085233449935913086e+00,2.528223991394042969e+00
1.074897289276123047e+00,2.536419630050659180e+00
1.069804430007934570e+00,2.543751716613769531e+00
1.071422100067138672e+00,2.551065921783447266e+00
1.076506137847900391e+00,2.555507183074951172e+00
1.084713220596313477e+00,2.558973312377929688e+00
1.076915502548217773e+00,2.566468954086303711e+00
1.074539065361022949e+00,2.574065923690795898e+00
1.074997544288635254e+00,2.580582141876220703e+00
1.077896118164062500e+00,2.586885213851928711e+00
1.099578499794006348e+00,2.593443632125854492e+00
1.121201992034912109e+00,2.597918510437011719e+00
1.142589569091796875e+00,2.600723505020141602e+00
1.128702402114868164e+00,2.607616186141967773e+00
1.117992281913757324e+00,2.613703727722167969e+00
1.117141366004943848e+00,2.618798971176147461e+00
1.118286013603210449e+00,2.623760461807250977e+00
1.121709108352661133e+00,2.628852844238281250e+00
1.133173584938049316e+00,2.634304285049438477e+00
1.145375728607177734e+00,2.638222694396972656e+00
1.133038878440856934e+00,2.645166397094726562e+00
1.122695207595825195e+00,2.650804281234741211e+00
1.114690423011779785e+00,2.656025648117065430e+00
1.109648466110229492e+00,2.660829544067382812e+00
1.112395763397216797e+00,2.665904045104980469e+00
1.119672060012817383e+00,2.671015739440917969e+00
1.127764940261840820e+00,2.674897670745849609e+00
1.117934942245483398e+00,2.680799484252929688e+00
1.109321713447570801e+00,2.686130285263061523e+00
1.103384613990783691e+00,2.692019939422607422e+00
1.101193666458129883e+00,2.697626113891601562e+00
1.104519844055175781e+00,2.703212976455688477e+00
1.108964562416076660e+00,2.708076477050781250e+00
1.102025508880615234e+00,2.714481353759765625e+00
1.100121855735778809e+00,2.720607280731201172e+00
1.101894259452819824e+00,2.726758956909179688e+00
1.104680299758911133e+00,2.731786966323852539e+00
1.107951045036315918e+00,2.736142396926879883e+00
1.100293874740600586e+00,2.742350101470947266e+00
1.099059939384460449e+00,2.748581171035766602e+00
1.099054932594299316e+00,2.754801988601684570e+00
1.099977612495422363e+00,2.760124444961547852e+00
1.099373698234558105e+00,2.766415596008300781e+00
1.095793724060058594e+00,2.774750947952270508e+00
1.093070745468139648e+00,2.782250642776489258e+00
1.091203093528747559e+00,2.788930892944335938e+00
1.086593985557556152e+00,2.797561168670654297e+00
1.082820773124694824e+00,2.805352926254272461e+00
1.077163934707641602e+00,2.814478635787963867e+00
1.211659789085388184e+00,2.510216474533081055e+00
9.867019653320312500e-01,2.546921014785766602e+00
9.251191616058349609e-01,2.557212114334106445e+00
9.066528677940368652e-01,2.561874628067016602e+00
9.579836726188659668e-01,2.560336351394653320e+00
9.240016341209411621e-01,2.569212913513183594e+00
9.039674997329711914e-01,2.573973417282104492e+00
9.007372856140136719e-01,2.580423831939697266e+00
9.035816192626953125e-01,2.587832450866699219e+00
9.228242039680480957e-01,2.592404365539550781e+00
9.424442648887634277e-01,2.594061851501464844e+00
9.649257659912109375e-01,2.595702409744262695e+00
9.585286378860473633e-01,2.602477788925170898e+00
9.573787450790405273e-01,2.609048366546630859e+00
9.613572955131530762e-01,2.615855455398559570e+00
9.683103561401367188e-01,2.620068311691284180e+00
9.788552522659301758e-01,2.624274015426635742e+00
1.009652137756347656e+00,2.629847049713134766e+00
9.958602786064147949e-01,2.637224435806274414e+00
9.854310750961303711e-01,2.643519878387451172e+00
9.798606634140014648e-01,2.649132251739501953e+00
9.838712811470031738e-01,2.654747247695922852e+00
1.004315376281738281e+00,2.660509109497070312e+00
1.024913072586059570e+00,2.664335727691650391e+00
1.011536359786987305e+00,2.671821832656860352e+00
1.000993013381958008e+00,2.678050518035888672e+00
9.934799075126647949e-01,2.683593750000000000e+00
9.899045825004577637e-01,2.689224004745483398e+00
9.879825115203857422e-01,2.693622350692749023e+00
9.888221621513366699e-01,2.697653293609619141e+00
9.917721152305603027e-01,2.702593803405761719e+00
1.005130410194396973e+00,2.706107854843139648e+00
9.955429434776306152e-01,2.711987972259521484e+00
9.877215027809143066e-01,2.717268466949462891e+00
9.825646281242370605e-01,2.722194671630859375e+00
9.799540638923645020e-01,2.726689338684082031e+00
9.789520502090454102e-01,2.731520414352416992e+00
9.821928739547729492e-01,2.735412836074829102e+00
9.861364960670471191e-01,2.739467620849609375e+00
9.949750900268554688e-01,2.742917299270629883e+00
9.874086380004882812e-01,2.748250007629394531e+00
9.810581207275390625e-01,2.753493070602416992e+00
9.857108592987060547e-01,2.759283304214477539e+00
9.911496639251708984e-01,2.764028310775756836e+00
9.971593022346496582e-01,2.767955541610717773e+00
9.994789361953735352e-01,2.774419307708740234e+00
1.002667307853698730e+00,2.779830932617187500e+00
1.001419663429260254e+00,2.786986589431762695e+00
1.001871109008789062e+00,2.793965339660644531e+00
9.995239377021789551e-01,2.802121877670288086e+00
9.986351132392883301e-01,2.809595823287963867e+00
9.984410405158996582e-01,2.816268682479858398e+00
9.952166080474853516e-01,2.825033187866210938e+00
9.927846193313598633e-01,2.832931041717529297e+00
9.891301989555358887e-01,2.841602563858032227e+00
7.938945889472961426e-01,2.631435155868530273e+00
7.074996829032897949e-01,2.663227081298828125e+00
6.889087557792663574e-01,2.667497396469116211e+00
7.314281463623046875e-01,2.679845333099365234e+00
7.790936231613159180e-01,2.687811851501464844e+00
8.181803226470947266e-01,2.688306093215942383e+00
8.537015318870544434e-01,2.688415527343750000e+00
8.318609595298767090e-01,2.700917720794677734e+00
8.211215138435363770e-01,2.708352327346801758e+00
8.198984265327453613e-01,2.712395906448364258e+00
8.358863592147827148e-01,2.715465307235717773e+00
8.560207486152648926e-01,2.718303442001342773e+00
9.020236730575561523e-01,2.723604917526245117e+00
8.817711472511291504e-01,2.732616662979125977e+00
8.678708672523498535e-01,2.739574909210205078e+00
8.595858812332153320e-01,2.745153427124023438e+00
8.555837869644165039e-01,2.749988794326782227e+00
8.570846915245056152e-01,2.754648685455322266e+00
8.613908886909484863e-01,2.758310079574584961e+00
8.682519793510437012e-01,2.762271165847778320e+00
8.923712372779846191e-01,2.766442537307739258e+00
8.817451596260070801e-01,2.772184610366821289e+00
8.749351501464843750e-01,2.777236223220825195e+00
8.726041316986083984e-01,2.782786130905151367e+00
8.724221587181091309e-01,2.787432909011840820e+00
8.753750920295715332e-01,2.791761636734008789e+00
8.803883194923400879e-01,2.795889377593994141e+00
8.869801163673400879e-01,2.800596237182617188e+00
8.995816707611083984e-01,2.805288314819335938e+00
9.127860665321350098e-01,2.808856010437011719e+00
9.047532081604003906e-01,2.813703060150146484e+00
8.992559909820556641e-01,2.818917274475097656e+00
8.963599801063537598e-01,2.822961568832397461e+00
8.956134319305419922e-01,2.827006816864013672e+00
8.966425061225891113e-01,2.830812215805053711e+00
9.045295715332031250e-01,2.835581541061401367e+00
9.132137894630432129e-01,2.839144706726074219e+00
9.223775267601013184e-01,2.841819763183593750e+00
9.269996285438537598e-01,2.847530364990234375e+00
9.294404983520507812e-01,2.854524612426757812e+00
9.328159093856811523e-01,2.860337734222412109e+00
9.319821596145629883e-01,2.868702650070190430e+00
9.323683381080627441e-01,2.876126766204833984e+00
9.336402416229248047e-01,2.882496595382690430e+00
9.313211441040039062e-01,2.891383886337280273e+00
9.304684996604919434e-01,2.898802280426025391e+00
9.265796542167663574e-01,2.908282041549682617e+00
9.236429333686828613e-01,2.916751623153686523e+00
9.193631410598754883e-01,2.926027774810791016e+00
5.210733413696289062e-01,2.745727062225341797e+00
6.554286479949951172e-01,2.762417793273925781e+00
7.283242344856262207e-01,2.770786285400390625e+00
7.129572629928588867e-01,2.787935256958007812e+00
7.167276144027709961e-01,2.795367956161499023e+00
7.324233651161193848e-01,2.802047014236450195e+00
7.507187128067016602e-01,2.807539701461791992e+00
7.261562347412109375e-01,2.820194721221923828e+00
7.111486196517944336e-01,2.828610420227050781e+00
7.067092657089233398e-01,2.834661483764648438e+00
7.223264575004577637e-01,2.841172933578491211e+00
7.390779852867126465e-01,2.848033905029296875e+00
7.786321043968200684e-01,2.854876041412353516e+00
8.155637383460998535e-01,2.858974933624267578e+00
8.505088686943054199e-01,2.860223531723022461e+00
8.318252563476562500e-01,2.866754055023193359e+00
8.170930743217468262e-01,2.872064113616943359e+00
8.084315657615661621e-01,2.877522468566894531e+00
8.057182431221008301e-01,2.883057355880737305e+00
8.124797940254211426e-01,2.886543273925781250e+00
8.218743205070495605e-01,2.891394853591918945e+00
8.381850719451904297e-01,2.896450519561767578e+00
8.550006151199340820e-01,2.899565935134887695e+00
8.719331622123718262e-01,2.901283025741577148e+00
8.670302629470825195e-01,2.906677007675170898e+00
8.644869923591613770e-01,2.911723136901855469e+00
8.647906184196472168e-01,2.916917800903320312e+00
8.732408285140991211e-01,2.922220706939697266e+00
8.826465606689453125e-01,2.925950050354003906e+00
8.782993555068969727e-01,2.931784152984619141e+00
8.766010999679565430e-01,2.938065052032470703e+00
8.760050535202026367e-01,2.943217277526855469e+00
8.805072307586669922e-01,2.948763608932495117e+00
8.859810233116149902e-01,2.953006267547607422e+00
8.838669061660766602e-01,2.959476709365844727e+00
8.843309879302978516e-01,2.966528892517089844e+00
8.861305713653564453e-01,2.972434043884277344e+00
8.859346508979797363e-01,2.979530334472656250e+00
8.823962807655334473e-01,2.988935708999633789e+00
8.801015615463256836e-01,2.997030735015869141e+00
8.748502135276794434e-01,3.007107019424438477e+00
8.710514307022094727e-01,3.015797615051269531e+00
8.655529618263244629e-01,3.025523662567138672e+00
4.554780125617980957e-01,2.815747022628784180e+00
5.887418985366821289e-01,2.822115898132324219e+00
6.574300527572631836e-01,2.822373628616333008e+00
5.724343061447143555e-01,2.839170217514038086e+00
5.627192258834838867e-01,2.851860523223876953e+00
5.679652094841003418e-01,2.857645273208618164e+00
5.808480978012084961e-01,2.862841844558715820e+00
6.008408069610595703e-01,2.867561578750610352e+00
6.219459176063537598e-01,2.872801780700683594e+00
6.851330995559692383e-01,2.879235744476318359e+00
6.700372099876403809e-01,2.886581420898437500e+00
6.629422903060913086e-01,2.893112897872924805e+00
6.635360717773437500e-01,2.900275945663452148e+00
6.773485541343688965e-01,2.906563282012939453e+00
7.109031081199645996e-01,2.912963628768920898e+00
7.430289983749389648e-01,2.916405677795410156e+00
7.352942228317260742e-01,2.925011157989501953e+00
7.305661439895629883e-01,2.931237936019897461e+00
7.303513884544372559e-01,2.937398672103881836e+00
7.342451214790344238e-01,2.943089008331298828e+00
7.410095930099487305e-01,2.947092056274414062e+00
7.573871016502380371e-01,2.952468156814575195e+00
7.742816805839538574e-01,2.955853223800659180e+00
7.663313746452331543e-01,2.962007761001586914e+00
7.615547776222229004e-01,2.967954397201538086e+00
7.609285116195678711e-01,2.973468303680419922e+00
7.621539235115051270e-01,2.978465795516967773e+00
7.714402079582214355e-01,2.983799695968627930e+00
7.816155552864074707e-01,2.987564563751220703e+00
7.730073928833007812e-01,2.993821620941162109e+00
7.674337625503540039e-01,2.999935865402221680e+00
7.638068795204162598e-01,3.005960464477539062e+00
7.633931040763854980e-01,3.010637521743774414e+00
7.640940546989440918e-01,3.015374422073364258e+00
7.704647183418273926e-01,3.019384384155273438e+00
7.631542086601257324e-01,3.025489807128906250e+00
7.649410367012023926e-01,3.032386302947998047e+00
7.679615616798400879e-01,3.037879705429077148e+00
7.676343917846679688e-01,3.045621633529663086e+00
7.682739496231079102e-01,3.052217960357666016e+00
7.657274007797241211e-01,3.061017036437988281e+00
7.645601630210876465e-01,3.068408012390136719e+00
7.596768140792846680e-01,3.078323602676391602e+00
7.542410492897033691e-01,3.088443517684936523e+00
2.510600984096527100e-01,2.907540321350097656e+00
4.219710826873779297e-01,2.900252342224121094e+00
5.003963112831115723e-01,2.904015779495239258e+00
5.527046322822570801e-01,2.911245107650756836e+00
4.812746644020080566e-01,2.922858238220214844e+00
4.420249462127685547e-01,2.931424379348754883e+00
4.216398596763610840e-01,2.937186717987060547e+00
4.259306788444519043e-01,2.939561367034912109e+00
4.534715414047241211e-01,2.942375659942626953e+00
4.807167947292327881e-01,2.945700168609619141e+00
5.083743929862976074e-01,2.950472354888916016e+00
5.643937587738037109e-01,2.954810380935668945e+00
5.399397015571594238e-01,2.962316751480102539e+00
5.337545275688171387e-01,2.968301534652709961e+00
5.419677495956420898e-01,2.972708463668823242e+00
5.546504259109497070e-01,2.976392030715942383e+00
5.683845281600952148e-01,2.980043649673461914e+00
6.004685163497924805e-01,2.982835531234741211e+00
5.937364697456359863e-01,2.991007089614868164e+00
5.901965498924255371e-01,2.997679948806762695e+00
5.944855809211730957e-01,3.003969430923461914e+00
6.010108590126037598e-01,3.009044885635375977e+00
6.093382835388183594e-01,3.013063192367553711e+00
6.265367865562438965e-01,3.017842531204223633e+00
6.441327929496765137e-01,3.020846605300903320e+00
6.372983455657958984e-01,3.027393341064453125e+00
6.327996253967285156e-01,3.032958984375000000e+00
6.306310892105102539e-01,3.039097309112548828e+00
6.324966549873352051e-01,3.043807983398437500e+00
6.429136395454406738e-01,3.048635005950927734e+00
6.540129780769348145e-01,3.052087783813476562e+00
6.462864875793457031e-01,3.059039831161499023e+00
6.399753093719482422e-01,3.064441442489624023e+00
6.366642117500305176e-01,3.070164442062377930e+00
6.354755163192749023e-01,3.075814962387084961e+00
6.408517360687255859e-01,3.081486463546752930e+00
6.472122073173522949e-01,3.085848331451416016e+00
6.387650370597839355e-01,3.092833757400512695e+00
6.321736574172973633e-01,3.098615884780883789e+00
6.274121999740600586e-01,3.104361772537231445e+00
6.303567290306091309e-01,3.110237121582031250e+00
6.237687468528747559e-01,3.116310596466064453e+00
6.248237490653991699e-01,3.123101234436035156e+00
6.269001960754394531e-01,3.128733634948730469e+00
6.251871585845947266e-01,3.136622905731201172e+00
6.247040033340454102e-01,3.143657922744750977e+00
6.249401569366455078e-01,3.149845838546752930e+00
6.217839717864990234e-01,3.158390760421752930e+00
6.180949211120605469e-01,3.167119026184082031e+00
6.129566431045532227e-01,3.176760196685791016e+00
3.020343482494354248e-01,2.958771467208862305e+00
3.501979708671569824e-01,2.965746164321899414e+00
3.833475410938262939e-01,2.963084936141967773e+00
3.166797757148742676e-01,2.980588436126708984e+00
2.898784279823303223e-01,2.995881319046020508e+00
2.797179222106933594e-01,3.003021240234375000e+00
2.930699884891510010e-01,3.006459474563598633e+00
3.138120472431182861e-01,3.011152505874633789e+00
3.373077809810638428e-01,3.015709638595581055e+00
3.638749420642852783e-01,3.017412424087524414e+00
3.908618092536926270e-01,3.020793199539184570e+00
4.500524997711181641e-01,3.024501800537109375e+00
4.287441372871398926e-01,3.030506134033203125e+00
4.252577424049377441e-01,3.036418437957763672e+00
4.265519380569458008e-01,3.041362047195434570e+00
4.373657107353210449e-01,3.044900894165039062e+00
4.512383639812469482e-01,3.048307895660400391e+00
4.658740758895874023e-01,3.051493406295776367e+00
4.951450824737548828e-01,3.055505037307739258e+00
5.237051844596862793e-01,3.057375192642211914e+00
5.181511640548706055e-01,3.064426660537719727e+00
5.249052643775939941e-01,3.069631338119506836e+00
5.329113602638244629e-01,3.073770999908447266e+00
5.484773516654968262e-01,3.079744338989257812e+00
5.643383264541625977e-01,3.084094762802124023e+00
5.805913209915161133e-01,3.086845397949218750e+00
5.717839598655700684e-01,3.094072580337524414e+00
5.650572180747985840e-01,3.099736452102661133e+00
5.611113309860229492e-01,3.104635238647460938e+00
5.638790726661682129e-01,3.108815193176269531e+00
5.723951458930969238e-01,3.114345312118530273e+00
5.817993879318237305e-01,3.118426561355590820e+00
5.741048455238342285e-01,3.124403476715087891e+00
5.793318748474121094e-01,3.130763053894042969e+00
5.854692459106445312e-01,3.135798931121826172e+00
5.762055516242980957e-01,3.143002510070800781e+00
5.684764385223388672e-01,3.149269580841064453e+00
5.712010860443115234e-01,3.156005144119262695e+00
5.748695731163024902e-01,3.161520481109619141e+00
5.651813745498657227e-01,3.168402910232543945e+00
5.569592118263244629e-01,3.174934864044189453e+00
5.511851310729980469e-01,3.181024789810180664e+00
5.512443184852600098e-01,3.188295602798461914e+00
5.522052049636840820e-01,3.194640159606933594e+00
5.516173243522644043e-01,3.201894521713256836e+00
5.481683611869812012e-01,3.211056947708129883e+00
5.457913875579833984e-01,3.219126701354980469e+00
5.410068631172180176e-01,3.228813171386718750e+00
5.373193025588989258e-01,3.237401008605957031e+00
5.314601659774780273e-01,3.247467756271362305e+00
5.265780687332153320e-01,3.256573438644409180e+00
4.520337283611297607e-01,2.975468635559082031e+00
4.770900011062622070e-01,2.980583667755126953e+00
5.147293210029602051e-01,2.980141878128051758e+00
4.443718492984771729e-01,2.993442773818969727e+00
4.211706221103668213e-01,3.002274513244628906e+00
4.134995937347412109e-01,3.005844831466674805e+00
4.202545285224914551e-01,3.009298563003540039e+00
4.329914450645446777e-01,3.014203310012817383e+00
4.485189616680145264e-01,3.020082235336303711e+00
4.153139591217041016e-01,3.030121326446533203e+00
3.921656310558319092e-01,3.036994218826293945e+00
3.852391541004180908e-01,3.042430877685546875e+00
3.856668174266815186e-01,3.047958374023437500e+00
3.966621458530426025e-01,3.051592111587524414e+00
4.100393950939178467e-01,3.056228876113891602e+00
4.244927167892456055e-01,3.061354637145996094e+00
4.596370458602905273e-01,3.065256595611572266e+00
4.933397471904754639e-01,3.066791057586669922e+00
4.838683903217315674e-01,3.072975873947143555e+00
4.898908734321594238e-01,3.078645229339599609e+00
4.975023269653320312e-01,3.083416461944580078e+00
5.160915255546569824e-01,3.089492559432983398e+00
5.347401499748229980e-01,3.093793153762817383e+00
5.535782575607299805e-01,3.096367597579956055e+00
5.446204543113708496e-01,3.103387117385864258e+00
5.381491184234619141e-01,3.109436511993408203e+00
5.347751379013061523e-01,3.115520238876342773e+00
5.352025628089904785e-01,3.120168447494506836e+00
5.373697876930236816e-01,3.124576807022094727e+00
5.407977700233459473e-01,3.128403902053833008e+00
5.318312048912048340e-01,3.135344743728637695e+00
5.246496200561523438e-01,3.140761137008666992e+00
5.204906463623046875e-01,3.145701408386230469e+00
5.179222226142883301e-01,3.150804758071899414e+00
5.245022773742675781e-01,3.156291484832763672e+00
5.319690704345703125e-01,3.160497903823852539e+00
5.227472186088562012e-01,3.167050600051879883e+00
5.152304768562316895e-01,3.172538518905639648e+00
5.093739628791809082e-01,3.177848100662231445e+00
5.134729146957397461e-01,3.183471679687500000e+00
5.183779597282409668e-01,3.188014745712280273e+00
5.202324986457824707e-01,3.194599390029907227e+00
5.229007601737976074e-01,3.200169324874877930e+00
5.218520760536193848e-01,3.208317041397094727e+00
5.218389034271240234e-01,3.215342283248901367e+00
5.192270874977111816e-01,3.224078893661499023e+00
5.176966190338134766e-01,3.231716394424438477e+00
5.133827328681945801e-01,3.241233110427856445e+00
5.101963281631469727e-01,3.249599218368530273e+00
5.048746466636657715e-01,3.259423255920410156e+00
5.005140304565429688e-01,3.268294572830200195e+00
1.083603724837303162e-01,3.119832992553710938e+00
1.396558880805969238e-01,3.119154930114746094e+00
1.787187606096267700e-01,3.114134073257446289e+00
2.110741436481475830e-01,3.110154151916503906e+00
2.706661820411682129e-01,3.114071369171142578e+00
2.330646663904190063e-01,3.126051902770996094e+00
2.123698443174362183e-01,3.132252216339111328e+00
2.163115888833999634e-01,3.139283180236816406e+00
2.280387878417968750e-01,3.143455743789672852e+00
2.524037957191467285e-01,3.146337985992431641e+00
2.778138816356658936e-01,3.149667501449584961e+00
3.334150314331054688e-01,3.152885198593139648e+00
3.836746811866760254e-01,3.153089046478271484e+00
3.737806975841522217e-01,3.160886764526367188e+00
3.699814975261688232e-01,3.169051170349121094e+00
3.692467510700225830e-01,3.176317214965820312e+00
3.749262094497680664e-01,3.181233406066894531e+00
3.837729990482330322e-01,3.185526371002197266e+00
3.942692577838897705e-01,3.188790798187255859e+00
4.159474372863769531e-01,3.193370103836059570e+00
4.376940131187438965e-01,3.195845365524291992e+00
4.314074814319610596e-01,3.200466394424438477e+00
4.284496009349822998e-01,3.205086708068847656e+00
4.303512275218963623e-01,3.209686040878295898e+00
4.342970550060272217e-01,3.213739633560180664e+00
4.396744072437286377e-01,3.217404842376708984e+00
4.511134624481201172e-01,3.222048759460449219e+00
4.633289277553558350e-01,3.225118160247802734e+00
4.520226716995239258e-01,3.231673955917358398e+00
4.427935481071472168e-01,3.236651182174682617e+00
4.515294730663299561e-01,3.240959405899047852e+00
4.407777488231658936e-01,3.246891021728515625e+00
4.441979229450225830e-01,3.254365444183349609e+00
4.486994445323944092e-01,3.260492324829101562e+00
4.540063738822937012e-01,3.265438318252563477e+00
4.546404480934143066e-01,3.273576974868774414e+00
4.564916193485260010e-01,3.280294418334960938e+00
4.551072418689727783e-01,3.289147615432739258e+00
4.547756314277648926e-01,3.296777486801147461e+00
4.510020315647125244e-01,3.306652784347534180e+00
4.468694925308227539e-01,3.316531181335449219e+00
2.340772300958633423e-01,3.174056291580200195e+00
2.769975960254669189e-01,3.173177957534790039e+00
3.157391846179962158e-01,3.173920392990112305e+00
3.479217886924743652e-01,3.178343772888183594e+00
3.796707987785339355e-01,3.184221744537353516e+00
3.663660585880279541e-01,3.200393915176391602e+00
3.689936101436614990e-01,3.208995103836059570e+00
3.810511231422424316e-01,3.213890075683593750e+00
3.955053687095642090e-01,3.218930006027221680e+00
4.387286305427551270e-01,3.225070238113403320e+00
4.781675636768341064e-01,3.226908683776855469e+00
4.537096917629241943e-01,3.236809492111206055e+00
4.479527771472930908e-01,3.243083715438842773e+00
4.489803910255432129e-01,3.249287843704223633e+00
4.533023238182067871e-01,3.253866434097290039e+00
4.717392325401306152e-01,3.259439229965209961e+00
4.906264543533325195e-01,3.262305498123168945e+00
4.704174399375915527e-01,3.269330024719238281e+00
4.547811448574066162e-01,3.275166273117065430e+00
4.432360231876373291e-01,3.279976606369018555e+00
4.440658688545227051e-01,3.284723997116088867e+00
4.465687572956085205e-01,3.288465023040771484e+00
4.562729001045227051e-01,3.293528795242309570e+00
4.669994115829467773e-01,3.296736478805541992e+00
4.704924523830413818e-01,3.304638147354125977e+00
4.753298163414001465e-01,3.310709238052368164e+00
4.811981916427612305e-01,3.315249681472778320e+00
4.810082614421844482e-01,3.323915958404541016e+00
4.824089407920837402e-01,3.330759048461914062e+00
4.796182215213775635e-01,3.340414762496948242e+00
4.758918285369873047e-01,3.350354433059692383e+00
4.682300686836242676e-01,3.362911224365234375e+00
9.754071384668350220e-02,3.321177721023559570e+00
1.420577466487884521e-01,3.325988292694091797e+00
1.749216467142105103e-01,3.321872472763061523e+00
3.293814659118652344e-01,3.318426132202148438e+00
2.870895266532897949e-01,3.329806089401245117e+00
2.700946331024169922e-01,3.336803197860717773e+00
2.628920674324035645e-01,3.341382265090942383e+00
2.706804275512695312e-01,3.346017837524414062e+00
2.846085429191589355e-01,3.351740837097167969e+00
3.001617789268493652e-01,3.355690717697143555e+00
3.019675910472869873e-01,3.362813472747802734e+00
3.091967999935150146e-01,3.370601892471313477e+00
3.186610639095306396e-01,3.375945091247558594e+00
3.354863822460174561e-01,3.384424448013305664e+00
3.527907431125640869e-01,3.389709472656250000e+00
3.703600764274597168e-01,3.392446517944335938e+00
3.766009211540222168e-01,3.402118921279907227e+00
3.846421539783477783e-01,3.408769607543945312e+00
3.852767348289489746e-01,3.419923782348632812e+00
3.841030299663543701e-01,3.431395292282104492e+00
3.754507601261138916e-01,3.447751760482788086e+00
3.684012591838836670e-01,3.462002754211425781e+00
3.646885454654693604e-01,3.472898960113525391e+00
3.564638197422027588e-01,3.486619710922241211e+00
