-0.7242755889892578
-2.2465522289276123
-2.799680233001709
-2.8658971786499023
-2.815898895263672
-2.7722649574279785
-2.549435615539551
-2.499906063079834
-2.5234837532043457
-2.5418660640716553
-2.555562973022461
-2.564987897872925
-2.5720624923706055
-2.575439453125
-2.339702606201172
-2.307819366455078
-2.322054386138916
-2.339862585067749
-2.355734348297119
-2.3678722381591797
-2.37917423248291
-2.385239601135254
-2.3957769870758057
-2.4143636226654053
-2.429171562194824
-2.4440858364105225
-2.3149216175079346
-2.2796647548675537
-2.2818899154663086
-2.2943243980407715
-2.303962469100952
-2.314845561981201
-2.3212521076202393
-2.3260104656219482
-2.3302993774414062
-2.3390862941741943
-2.349855422973633
-2.3562026023864746
-2.366192102432251
-2.3818745613098145
-2.395085573196411
-2.2319436073303223
-2.208488702774048
-2.2187373638153076
-2.235434055328369
-2.2510504722595215
-2.2523295879364014
-2.256439685821533
-2.2610268592834473
-2.266169548034668
-2.2701685428619385
-2.2737698554992676
-2.279752492904663
-2.2862091064453125
-2.2916159629821777
-2.2964978218078613
-2.3040337562561035
-2.3134939670562744
-2.3198068141937256
-2.328530788421631
-2.341309070587158
-2.1940789222717285
-2.1704392433166504
-2.1856439113616943
-2.183509588241577
-2.1844594478607178
-2.1901118755340576
-2.196565628051758
-2.2027969360351562
-2.2049179077148438
-2.2068660259246826
-2.2091822624206543
-2.2120554447174072
-2.21700119972229
-2.221752166748047
-2.226534605026245
-2.2314844131469727
-2.23586368560791
-2.241952657699585
-2.248178243637085
-2.2540886402130127
-2.260669231414795
-2.2681939601898193
-2.274592399597168
-2.2834324836730957
-2.295567750930786
-2.306483030319214
-2.317732334136963
-2.0969152450561523
-2.067406415939331
-2.0885071754455566
-2.113075017929077
-2.1185977458953857
-2.118720769882202
-2.1205034255981445
-2.1238794326782227
-2.127825975418091
-2.130567789077759
-2.1339969635009766
-2.1370718479156494
-2.1401007175445557
-2.1449427604675293
-2.1472790241241455
-2.1507816314697266
-2.1554911136627197
-2.160449743270874
-2.1639721393585205
-2.169370412826538
-2.174739122390747
-2.180236339569092
-2.1857478618621826
-2.190824270248413
-2.196953535079956
-2.2032415866851807
-2.209271192550659
-2.2157418727874756
-2.2229576110839844
-2.2293877601623535
-2.2376484870910645
-2.024181365966797
-2.010915756225586
-2.0255815982818604
-2.039876699447632
-2.0513298511505127
-2.060016393661499
-2.0652966499328613
-2.068765640258789
-2.072632312774658
-2.0761001110076904
-2.0830678939819336
-2.088632822036743
-2.0900192260742188
-2.091054916381836
-2.093418836593628
-2.0971133708953857
-2.1009533405303955
-2.10434627532959
-2.1074771881103516
-2.112394094467163
-2.117173671722412
-2.122363328933716
-2.1277506351470947
-2.1317713260650635
-2.1373462677001953
-2.142763137817383
-2.1483983993530273
-2.1540510654449463
-2.159247875213623
-2.165457248687744
-2.17173433303833
-2.1777493953704834
-2.1841037273406982
-2.1911704540252686
-2.1970486640930176
-2.2048959732055664
-1.952883005142212
-1.9357421398162842
-1.9652161598205566
-1.9787602424621582
-1.9911372661590576
-1.9998483657836914
-2.0051002502441406
-2.008115768432617
-2.0124778747558594
-2.017293930053711
-2.0238845348358154
-2.0261857509613037
-2.0287115573883057
-2.031742572784424
-2.035362958908081
-2.040940046310425
-2.04500675201416
-2.050055503845215
-2.0557374954223633
-2.061138868331909
-2.06593918800354
-2.0707223415374756
-2.0773088932037354
-2.0835275650024414
-2.0895206928253174
-2.095461130142212
-2.102844476699829
-2.109279155731201
-2.1158361434936523
-2.122662305831909
-2.130864143371582
-2.1382851600646973
-2.145150899887085
-2.1536476612091064
-1.9452199935913086
-1.8886337280273438
-1.8944637775421143
-1.9130189418792725
-1.9279401302337646
-1.9392545223236084
-1.9486072063446045
-1.9566071033477783
-1.9625239372253418
-1.9643840789794922
-1.967477798461914
-1.9699923992156982
-1.9738237857818604
-1.977156639099121
-1.9804766178131104
-1.9833462238311768
-1.9861204624176025
-1.9905884265899658
-1.9965219497680664
-2.001436948776245
-2.0066914558410645
-2.013129234313965
-2.0186734199523926
-2.02435564994812
-2.030015468597412
-2.0371108055114746
-2.044236660003662
-2.0513761043548584
-2.058987855911255
-2.066763162612915
-2.0745716094970703
-2.0835437774658203
-2.0919203758239746
-1.808422565460205
-1.7356078624725342
-1.742830753326416
-1.7640955448150635
-1.7864773273468018
-1.8030381202697754
-1.8153986930847168
-1.8234753608703613
-1.8259391784667969
-1.829472303390503
-1.833188533782959
-1.837320327758789
-1.8415331840515137
-1.843860387802124
-1.8464515209197998
-1.8501644134521484
-1.8549048900604248
-1.85959792137146
-1.8646786212921143
-1.8696258068084717
-1.8760101795196533
-1.8824348449707031
-1.8884975910186768
-1.8942639827728271
-1.9013569355010986
-1.9088521003723145
-1.9155216217041016
-1.9218876361846924
-1.9293744564056396
-1.9371337890625
-1.9438340663909912
-1.9517552852630615
-1.9592185020446777
-1.9684832096099854
-1.6694777011871338
-1.5840909481048584
-1.6043391227722168
-1.6414103507995605
-1.6687953472137451
-1.6840598583221436
-1.6939668655395508
-1.7011375427246094
-1.70759916305542
-1.716233730316162
-1.7237322330474854
-1.7302064895629883
-1.7403533458709717
-1.7497234344482422
-1.7579624652862549
-1.766566276550293
-1.7765369415283203
-1.7870819568634033
-1.796189546585083
-1.8046355247497559
-1.814065933227539
-1.8227496147155762
-1.8318312168121338
-1.841785192489624
-1.8536381721496582
-1.4579131603240967
-1.3839731216430664
-1.3975741863250732
-1.4326691627502441
-1.4602024555206299
-1.471090316772461
-1.4810888767242432
-1.488940954208374
-1.4953246116638184
-1.503807783126831
-1.5126559734344482
-1.519481897354126
-1.5296516418457031
-1.5384113788604736
-1.5504255294799805
-1.5654761791229248
-1.5831260681152344
-1.2211344242095947
-1.1719565391540527
-1.179779052734375
-1.2051286697387695
-1.2265715599060059
-1.2447597980499268
-1.2533454895019531
-1.262514591217041
-1.2709746360778809
-1.2783215045928955
-1.2873854637145996
-1.2932579517364502
-1.2995848655700684
-1.305546760559082
-1.3121178150177002
-1.3206005096435547
-1.3325040340423584
-1.3466792106628418
-1.363229513168335
-0.98152756690979
-0.8885636329650879
-0.9150493144989014
-0.9550557136535645
-0.9837527275085449
-0.9964649677276611
-1.000016212463379
-1.0048937797546387
-1.013636589050293
-1.0214166641235352
-1.02927827835083
-1.0336956977844238
-1.0362465381622314
-1.040987253189087
-1.0464563369750977
-1.0545611381530762
-1.0605943202972412
-1.06349778175354
-1.065990686416626
-1.0703942775726318
-1.0763561725616455
-1.0820379257202148
-1.08882737159729
-1.0958597660064697
-1.1024940013885498
-1.110250473022461
-1.1171700954437256
-1.124049186706543
-1.1324448585510254
-1.1429123878479004
-1.1552433967590332
-0.6311770677566528
-0.5586531162261963
-0.596752405166626
-0.6533833742141724
-0.6847096681594849
-0.7024667263031006
-0.7159281969070435
-0.7297021150588989
-0.7408525943756104
-0.7523708343505859
-0.7622692584991455
-0.7723650932312012
-0.779639720916748
-0.786527156829834
-0.792055606842041
-0.7958791255950928
-0.8014435768127441
-0.8076756000518799
-0.8143599033355713
-0.8204648494720459
-0.8259897232055664
-0.8310387134552002
-0.8365542888641357
-0.8418843746185303
-0.846398115158081
-0.8509879112243652
-0.856966495513916
-0.8615520000457764
-0.8674664497375488
-0.8734204769134521
-0.8793206214904785
-0.8853514194488525
-0.8915095329284668
-0.896914005279541
-0.9026226997375488
-0.9086019992828369
-0.9151685237884521
-0.9227943420410156
-0.929793119430542
-0.9362940788269043
-0.9433259963989258
-0.9504268169403076
-0.9580192565917969
-0.9671087265014648
-0.977593183517456
-0.4854893684387207
-0.41882920265197754
-0.4525167942047119
-0.4966038465499878
-0.5301187038421631
-0.5496605634689331
-0.5602461099624634
-0.5665825605392456
-0.575503945350647
-0.584830641746521
-0.5936375856399536
-0.5984808206558228
-0.6028933525085449
-0.6073071956634521
-0.612663745880127
-0.6195564270019531
-0.6257084608078003
-0.6311402320861816
-0.6371197700500488
-0.6422290802001953
-0.6455161571502686
-0.6499886512756348
-0.6548938751220703
-0.6598716974258423
-0.664533257484436
-0.6701266765594482
-0.673917293548584
-0.6778168678283691
-0.6816866397857666
-0.6859579086303711
-0.6902577877044678
-0.6947305202484131
-0.6995824575424194
-0.7052599191665649
-0.7096054553985596
-0.7147994041442871
-0.7201948165893555
-0.7262237071990967
-0.7325748205184937
-0.7387866973876953
-0.7455787658691406
-0.7526369094848633
-0.7594828605651855
-0.766392707824707
-0.773841381072998
-0.7810003757476807
-0.7887847423553467
-0.7968416213989258
-0.80484938621521
-0.813340425491333
-0.274819016456604
-0.21163833141326904
-0.2708871364593506
-0.32160401344299316
-0.3616526126861572
-0.38446247577667236
-0.3989143371582031
-0.4100522994995117
-0.41303420066833496
-0.413554310798645
-0.41597604751586914
-0.42168664932250977
-0.4287137985229492
-0.43570446968078613
-0.4437384605407715
-0.44740474224090576
-0.45051050186157227
-0.45483100414276123
-0.4598425626754761
-0.46523165702819824
-0.4704320430755615
-0.47504353523254395
-0.4800264835357666
-0.48555314540863037
-0.4892735481262207
-0.4923577308654785
-0.4954107999801636
-0.49902617931365967
-0.5027909278869629
-0.507469892501831
-0.5132715702056885
-0.5172656774520874
-0.5204867124557495
-0.5251675844192505
-0.5298426151275635
-0.5355324745178223
-0.5416914224624634
-0.5477330684661865
-0.5549428462982178
-0.5621389150619507
-0.5690196752548218
-0.5767220258712769
-0.5833855867385864
-0.5904545783996582
-0.5974317789077759
-0.604601263999939
-0.6123144626617432
-0.6196253299713135
-0.6276389360427856
-0.6353113651275635
-0.6434580087661743
-0.6520050764083862
-0.06515491008758545
0.03285062313079834
0.0016624927520751953
-0.047589898109436035
-0.0788038969039917
-0.09607231616973877
-0.10399556159973145
-0.10807132720947266
-0.11267220973968506
-0.11890506744384766
-0.1267077922821045
-0.12860000133514404
-0.13045287132263184
-0.13378190994262695
-0.13745546340942383
-0.14149761199951172
-0.14566540718078613
-0.1505284309387207
-0.15706801414489746
-0.16091442108154297
-0.16459906101226807
-0.16820240020751953
-0.17262446880340576
-0.17708969116210938
-0.1832789182662964
-0.18789470195770264
-0.19338488578796387
-0.19889700412750244
-0.20579004287719727
-0.2127232551574707
-0.22003543376922607
-0.2282806634902954
-0.23595058917999268
-0.24320554733276367
-0.251645565032959
-0.2593204975128174
-0.2685502767562866
0.1787099838256836
0.25849711894989014
0.22795450687408447
0.1921234130859375
0.16725659370422363
0.147405743598938
0.1327800750732422
0.12195932865142822
0.10757803916931152
0.1019585132598877
0.09599888324737549
0.09069585800170898
0.08474254608154297
0.07907676696777344
0.07330584526062012
0.0660557746887207
0.05761873722076416
0.053154826164245605
0.04857897758483887
0.04411780834197998
0.03984785079956055
0.03534376621246338
0.029483437538146973
0.021827340126037598
0.01701807975769043
0.01250767707824707
0.00777435302734375
0.00359189510345459
-0.0031478404998779297
-0.008755803108215332
-0.013986945152282715
-0.022336244583129883
-0.03270554542541504
0.3459901213645935
0.4059842824935913
0.3816397786140442
0.3487844467163086
0.3271332383155823
0.31268423795700073
0.2957083582878113
0.27756351232528687
0.2603759765625
0.23964238166809082
0.22589826583862305
0.21472561359405518
0.19832587242126465
0.18450284004211426
0.1726057529449463
0.1574040651321411
0.14495861530303955
0.1337132453918457
0.11919009685516357
0.10809028148651123
0.09707868099212646
0.4258912205696106
0.478316068649292
0.4183919429779053
0.3670780062675476
0.33017486333847046
0.2965376377105713
0.26390182971954346
0.23834705352783203
0.5372666120529175
0.5805729031562805
0.5523152351379395
0.51275634765625
0.4871453642845154
0.47077351808547974
0.45521676540374756
0.4422217011451721
0.43111592531204224
0.4185752272605896
0.4067422151565552
0.39556002616882324
0.38069790601730347
0.3684922456741333
0.35807979106903076
0.3445007801055908
0.3289802670478821
-0.614587664604187
-0.7881984710693359
-0.7732958793640137
-0.7448419332504272
-0.7276327610015869
-0.7201749086380005
-0.724193811416626
-0.7218756675720215
-0.721802830696106
-0.7255048751831055
-0.7304384708404541
-0.7365111112594604
-0.7447715997695923
-0.748943567276001
-0.7532556056976318
-0.7588870525360107
-0.7659986019134521
-0.7738208770751953
-0.7816555500030518
-0.7885761260986328
-0.795677900314331
-0.8033132553100586
-0.8115954399108887
-0.8195743560791016
-0.8277261257171631
-0.8358066082000732
-0.8452057838439941
-0.5197478532791138
-0.40777409076690674
-0.40823686122894287
-0.4333975315093994
-0.4622828960418701
-0.4801626205444336
-0.4940454959869385
-0.5074646472930908
-0.5063681602478027
-0.505671501159668
-0.5079593658447266
-0.514674186706543
-0.5223454236984253
-0.5290694236755371
-0.538428544998169
-0.541335940361023
-0.5440688133239746
-0.5483812093734741
-0.5538526773452759
-0.5601388216018677
-0.5677069425582886
-0.5735081434249878
-0.5794129371643066
-0.5859260559082031
-0.5932927131652832
-0.5998069047927856
-0.6067714691162109
-0.6141844987869263
-0.6218808889389038
-0.6296896934509277
-0.6376365423202515
-0.64593505859375
-0.6541692018508911
-0.6626076698303223
-0.6712820529937744
-0.6801255941390991
-0.6888960599899292
-0.6975213289260864
-0.4616050720214844
-0.4249175786972046
-0.46235156059265137
-0.4659219980239868
-0.4673718214035034
-0.47654271125793457
-0.4848623275756836
-0.4938356876373291
-0.5012989044189453
-0.5091784000396729
-0.5177229642868042
-0.5261021852493286
-0.5359419584274292
-0.5464198589324951
-0.5581798553466797
-0.5701829195022583
-0.5821712017059326
-0.5936232805252075
-0.6050151586532593
-0.616371750831604
-0.6273101568222046
-0.6384941339492798
-0.40638232231140137
-0.38023102283477783
-0.3717907667160034
-0.38472306728363037
-0.39663755893707275
-0.40919268131256104
-0.4188954830169678
-0.43424534797668457
-0.4397526979446411
-0.4449650049209595
-0.4520517587661743
-0.4603153467178345
-0.4683495759963989
-0.4769631624221802
-0.48610198497772217
-0.49459826946258545
-0.5037842988967896
-0.5135073661804199
-0.5242522954940796
-0.5351886749267578
-0.5462183952331543
-0.5569950342178345
-0.5685199499130249
-0.33769214153289795
-0.30565130710601807
-0.34501612186431885
-0.34238409996032715
-0.3426769971847534
-0.34841227531433105
-0.35580265522003174
-0.3623180389404297
-0.3704869747161865
-0.377020001411438
-0.3843808174133301
-0.3930623531341553
-0.40101158618927
-0.40968072414398193
-0.4188361167907715
-0.43015825748443604
-0.44064295291900635
-0.4515829086303711
-0.15027070045471191
-0.1084294319152832
-0.1381930112838745
-0.17525851726531982
-0.18602895736694336
-0.19121766090393066
-0.19880890846252441
-0.20794403553009033
-0.22061753273010254
-0.22337448596954346
-0.22658443450927734
-0.2311173677444458
-0.23838770389556885
-0.24650728702545166
-0.2547123432159424
-0.2631049156188965
-0.27118563652038574
-0.2809714078903198
