2.1653077602386475
2.169886827468872
2.174360752105713
2.1779518127441406
2.184058427810669
2.190143585205078
2.1961007118225098
2.202038526535034
2.2093966007232666
2.216169595718384
2.2227282524108887
2.2290565967559814
2.2351839542388916
2.2423906326293945
2.2493622303009033
2.2558183670043945
2.027437686920166
1.9846911430358887
2.010183334350586
2.0408406257629395
2.052913188934326
2.0576984882354736
2.061713457107544
2.066283941268921
2.0702264308929443
2.073221206665039
2.0773234367370605
2.0816452503204346
2.087476968765259
2.0901339054107666
2.0921437740325928
2.0950636863708496
2.0985803604125977
2.1026859283447266
2.1063756942749023
2.1098175048828125
2.1149966716766357
2.1201627254486084
2.125460386276245
2.1305325031280518
2.136847734451294
2.1429991722106934
2.148984670639038
2.1549408435821533
2.162001848220825
2.1690895557403564
2.175989866256714
2.184072494506836
2.1918869018554688
2.199040412902832
2.0397391319274902
2.0178775787353516
2.045105218887329
2.056048631668091
2.063054084777832
2.068195104598999
2.0729904174804688
2.0788936614990234
2.083132743835449
2.086383819580078
2.090510845184326
2.0964813232421875
2.1019885540008545
2.106698751449585
2.111254930496216
2.1186423301696777
2.124671220779419
2.130675792694092
2.1366488933563232
2.144744396209717
2.1514735221862793
2.1582465171813965
2.1651298999786377
2.173405885696411
2.181734800338745
2.189681053161621
2.197410821914673
2.2057852745056152
2.2137842178344727
2.2212328910827637
1.9903075695037842
1.9718639850616455
1.9706368446350098
1.98482346534729
1.998060703277588
2.0049448013305664
2.0119686126708984
2.018234968185425
2.0244247913360596
2.0318734645843506
2.037532329559326
2.0426900386810303
2.047947883605957
2.0560266971588135
2.0629045963287354
2.069282293319702
2.075441837310791
2.0837883949279785
2.0900163650512695
2.096843957901001
2.103684425354004
2.1123456954956055
2.120786666870117
2.1294631958007812
2.139080762863159
2.147981882095337
2.1557977199554443
2.165496349334717
1.8975024223327637
1.872969388961792
1.9014554023742676
1.9104154109954834
1.9238207340240479
1.931497573852539
1.9393422603607178
1.9462087154388428
1.952822208404541
1.9600698947906494
1.9652605056762695
1.9700136184692383
1.9748578071594238
1.982954978942871
1.9904069900512695
1.9970948696136475
2.003425359725952
2.0119478702545166
2.0201010704040527
2.0277512073516846
2.037081241607666
2.0469579696655273
2.0562241077423096
2.0661652088165283
2.0748400688171387
2.0832724571228027
2.09348726272583
1.8312530517578125
1.8087618350982666
1.8379855155944824
1.8528919219970703
1.8643059730529785
1.8747212886810303
1.8842251300811768
1.8948071002960205
1.8991272449493408
1.9032011032104492
1.9075303077697754
1.9120702743530273
1.9179184436798096
1.9257452487945557
1.9324309825897217
1.938385009765625
1.94407320022583
1.952073097229004
1.9608738422393799
1.9691472053527832
1.9783763885498047
1.9860641956329346
1.9928126335144043
2.002427816390991
1.759258508682251
1.7244846820831299
1.7516388893127441
1.7655558586120605
1.781231164932251
1.7914862632751465
1.7994418144226074
1.8107476234436035
1.8172755241394043
1.8228492736816406
1.8278648853302002
1.833946704864502
1.8397891521453857
1.8474082946777344
1.8538830280303955
1.8595852851867676
1.8685429096221924
1.8810527324676514
1.8963398933410645
1.67411470413208
1.64601731300354
1.6439168453216553
1.6545968055725098
1.6676552295684814
1.6770567893981934
1.6882119178771973
1.6924874782562256
1.6962101459503174
1.7021355628967285
1.7087271213531494
1.7147767543792725
1.7225780487060547
1.7278449535369873
1.732778549194336
1.738898754119873
1.7450501918792725
1.7526428699493408
1.7632653713226318
1.7766790390014648
1.792130470275879
1.5481717586517334
1.520026683807373
1.545297384262085
1.564800500869751
1.5772655010223389
1.5824851989746094
1.5904557704925537
1.5973873138427734
1.602367639541626
1.6067757606506348
1.6144449710845947
1.6226983070373535
1.6304378509521484
1.638981580734253
1.6453845500946045
1.6507799625396729
1.6562883853912354
1.6618568897247314
1.6687421798706055
1.6761298179626465
1.6844983100891113
1.6937129497528076
1.7051339149475098
1.7187106609344482
1.4248766899108887
1.393345594406128
1.4067540168762207
1.4291508197784424
1.450218677520752
1.4663934707641602
1.4781370162963867
1.4849293231964111
1.4884445667266846
1.4946351051330566
1.502626657485962
1.5122332572937012
1.5170774459838867
1.5208580493927002
1.5275633335113525
1.5345144271850586
1.542029619216919
1.5500094890594482
1.5548789501190186
1.561272144317627
1.5678720474243164
1.574390172958374
1.5819461345672607
1.588916540145874
1.5957427024841309
1.6042098999023438
1.614781379699707
1.6271917819976807
1.278557300567627
1.2219860553741455
1.2210378646850586
1.2581079006195068
1.2817175388336182
1.2939732074737549
1.3101985454559326
1.3246467113494873
1.3305673599243164
1.335667371749878
1.3413686752319336
1.3485689163208008
1.357210397720337
1.3652985095977783
1.3731753826141357
1.3782901763916016
1.381746768951416
1.386683702468872
1.3925516605377197
1.3989171981811523
1.4061377048492432
1.410376787185669
1.414149284362793
1.4193909168243408
1.4251608848571777
1.4307715892791748
1.4363892078399658
1.4427697658538818
1.4492573738098145
1.4554808139801025
1.4618420600891113
1.4687762260437012
1.4754881858825684
1.4821007251739502
1.4889755249023438
1.4962589740753174
1.5030524730682373
1.5097312927246094
1.51755690574646
1.5269551277160645
1.5378098487854004
1.201077938079834
1.1345741748809814
1.162424087524414
1.197887897491455
1.2236590385437012
1.240272045135498
1.2539129257202148
1.261476993560791
1.2667231559753418
1.2731494903564453
1.2806086540222168
1.2900311946868896
1.298219919204712
1.3063058853149414
1.3116939067840576
1.3150639533996582
1.320253610610962
1.3259925842285156
1.331202745437622
1.3361310958862305
1.3425946235656738
1.3467507362365723
1.3503570556640625
1.3544085025787354
1.3592216968536377
1.3642323017120361
1.3712849617004395
1.378612756729126
1.3867907524108887
1.3948664665222168
1.4026005268096924
1.4103343486785889
1.418522834777832
1.4268078804016113
1.4360852241516113
1.4445757865905762
1.4528698921203613
1.4624712467193604
1.473527193069458
1.1561594009399414
1.071845293045044
1.0778834819793701
1.112011194229126
1.1423578262329102
1.1550185680389404
1.1669602394104004
1.179382085800171
1.1902353763580322
1.1993472576141357
1.2022907733917236
1.2053658962249756
1.2100777626037598
1.2153823375701904
1.2222323417663574
1.2299919128417969
1.2350049018859863
1.239046573638916
1.2424848079681396
1.2470698356628418
1.2519044876098633
1.257500410079956
1.2643210887908936
1.2682948112487793
1.2714591026306152
1.2763350009918213
1.2818307876586914
1.2872827053070068
1.2920737266540527
1.2984364032745361
1.3050909042358398
1.3125965595245361
1.3200297355651855
1.3272132873535156
1.3353564739227295
1.3435182571411133
1.352595329284668
1.3616397380828857
1.3715357780456543
1.3815438747406006
1.1184887886047363
1.0253233909606934
1.0408515930175781
1.0765771865844727
1.0924949645996094
1.1067404747009277
1.1190056800842285
1.1312804222106934
1.1337945461273193
1.138831377029419
1.1447336673736572
1.1530413627624512
1.162801742553711
1.168461561203003
1.1725833415985107
1.1770820617675781
1.1823582649230957
1.1878609657287598
1.1943798065185547
1.20188307762146
1.2061362266540527
1.2084527015686035
1.2121753692626953
1.218113660812378
1.226006269454956
1.2335257530212402
1.2407662868499756
1.2490391731262207
1.2573809623718262
1.2655127048492432
1.2745425701141357
1.2834734916687012
1.293499231338501
1.3026244640350342
1.3114635944366455
1.3216955661773682
1.3324360847473145
1.085298776626587
1.0089149475097656
1.0222094058990479
1.0516059398651123
1.0736541748046875
1.0821666717529297
1.0840556621551514
1.0891361236572266
1.0979242324829102
1.1091570854187012
1.1146750450134277
1.12107253074646
1.1279656887054443
1.1341431140899658
1.138930320739746
1.1451137065887451
1.1527843475341797
1.1560921669006348
1.1611754894256592
1.1668202877044678
1.1725351810455322
1.1802895069122314
1.1857872009277344
1.1917388439178467
1.198033094406128
1.2061545848846436
1.214324712753296
1.2239727973937988
1.2332501411437988
1.2422444820404053
1.2521827220916748
1.2617559432983398
1.2725498676300049
0.9646413326263428
0.9237370491027832
0.9304914474487305
0.9485387802124023
0.9662735462188721
0.9815897941589355
0.99263596534729
0.9962244033813477
0.9981493949890137
1.0020709037780762
1.0094714164733887
1.0168859958648682
1.0246968269348145
1.0330183506011963
1.0355494022369385
1.0376176834106445
1.0396952629089355
1.0421173572540283
1.0468897819519043
1.0516958236694336
1.056675672531128
1.0623648166656494
1.068347692489624
1.0707168579101562
1.0744132995605469
1.0792889595031738
1.084442138671875
1.0911355018615723
1.0985610485076904
1.1069309711456299
1.1140327453613281
1.1213152408599854
1.1303551197052002
1.1407403945922852
0.7904350757598877
0.7275534868240356
0.7636730670928955
0.8011589050292969
0.8253445625305176
0.8449409008026123
0.8519883155822754
0.8556420803070068
0.8591475486755371
0.8646113872528076
0.873333215713501
0.8817651271820068
0.8872008323669434
0.8918449878692627
0.8968479633331299
0.9022207260131836
0.908937931060791
0.9147672653198242
0.920393705368042
0.9275686740875244
0.9309334754943848
0.9347474575042725
0.9382374286651611
0.9418768882751465
0.9466390609741211
0.9516441822052002
0.9583926200866699
0.9649806022644043
0.9711472988128662
0.9789807796478271
0.9888591766357422
1.00054931640625
0.6886842250823975
0.5861908197402954
0.627047061920166
0.6484311819076538
0.6690711975097656
0.6866822242736816
0.6937425136566162
0.7023051977157593
0.7101649045944214
0.7179421186447144
0.7268683910369873
0.7382586002349854
0.7424712181091309
0.7460525035858154
0.7498133182525635
0.7554481029510498
0.761559009552002
0.7689032554626465
0.7752959728240967
0.7831010818481445
0.7864253520965576
0.7889788150787354
0.79335618019104
0.7985920906066895
0.8039076328277588
0.8100154399871826
0.8166930675506592
0.8212881088256836
0.8258152008056641
0.8303418159484863
0.8376040458679199
0.8441958427429199
0.853546142578125
0.8644790649414062
0.4217655658721924
0.3183588981628418
0.3263341188430786
0.37562692165374756
0.42517828941345215
0.44614601135253906
0.4707297086715698
0.47533440589904785
0.48283541202545166
0.4915602207183838
0.506792426109314
0.5130701065063477
0.5207803249359131
0.5281410217285156
0.5363427400588989
0.5462945699691772
0.5573108196258545
0.5618405342102051
0.5645406246185303
0.5690170526504517
0.5746212005615234
0.5804108381271362
0.5864596366882324
0.5933161973953247
0.5995699167251587
0.6031286716461182
0.6068133115768433
0.6104869842529297
0.6151323318481445
0.6204534769058228
0.6261551380157471
0.6317837238311768
0.6365780830383301
0.642861008644104
0.6478339433670044
0.6524865627288818
0.6573343276977539
0.6621835231781006
0.6666885614395142
0.672648549079895
0.6778379678726196
0.6828927993774414
0.6882376670837402
0.6941709518432617
0.6998549699783325
0.7055879831314087
0.7134895324707031
0.7227195501327515
0.16898536682128906
0.07312846183776855
0.11146914958953857
0.1593625545501709
0.2056950330734253
0.23167121410369873
0.2533278465270996
0.27744126319885254
0.28809475898742676
0.2960529327392578
0.3060265779495239
0.3151451349258423
0.3250861167907715
0.33738183975219727
0.34474098682403564
0.353274941444397
0.36041998863220215
0.36746132373809814
0.37491047382354736
0.38118553161621094
0.38851094245910645
0.39576077461242676
0.4027423858642578
0.40859055519104004
0.41498517990112305
0.42239999771118164
0.42928028106689453
0.4346362352371216
0.4399203062057495
0.44542431831359863
0.45188450813293457
0.45862603187561035
0.46468889713287354
0.4716590642929077
0.47756779193878174
0.4832850694656372
0.48882484436035156
0.49462461471557617
0.5016994476318359
0.5080032348632812
0.5140515565872192
0.5201175212860107
0.5275304317474365
0.5344375371932983
0.5410699844360352
0.5492777824401855
0.5571438074111938
0.563906192779541
0.5697907209396362
0.5775302648544312
0.07945537567138672
0.0003148317337036133
0.05796325206756592
0.09937453269958496
0.11503183841705322
0.13525092601776123
0.1531829833984375
0.17383277416229248
0.1798999309539795
0.18380236625671387
0.190932035446167
0.19832301139831543
0.21093082427978516
0.21659362316131592
0.22079706192016602
0.22592926025390625
0.23269867897033691
0.2384089231491089
0.24575483798980713
0.25505638122558594
0.2606135606765747
0.2661275863647461
0.27220797538757324
0.278450608253479
0.28530657291412354
0.2933293581008911
0.2993983030319214
0.3051326274871826
0.31097114086151123
0.3175017833709717
0.32427990436553955
0.33085572719573975
0.3380352258682251
0.343717098236084
0.34912872314453125
0.35485363006591797
0.36071860790252686
0.36686229705810547
0.37380051612854004
0.3797738552093506
0.38564419746398926
0.39316606521606445
0.3998821973800659
0.4063687324523926
0.41283631324768066
0.4205971956253052
0.4274405241012573
0.4338740110397339
0.44177675247192383
0.4491078853607178
0.45616376399993896
0.46474623680114746
0.020600199699401855
-0.04873812198638916
-0.007030129432678223
0.0400315523147583
0.06436419486999512
0.08552169799804688
0.10168039798736572
0.11974620819091797
0.12623095512390137
0.13275527954101562
0.13988053798675537
0.1529778242111206
0.15999901294708252
0.1672954559326172
0.1749173402786255
0.18082165718078613
0.1914271116256714
0.19900894165039062
0.20652806758880615
0.21406245231628418
0.2227421998977661
0.23180854320526123
0.24100005626678467
0.24722576141357422
0.25278401374816895
0.25851964950561523
0.26473164558410645
0.27168381214141846
0.2782752513885498
0.28484344482421875
0.2913036346435547
0.2986111640930176
0.3070331811904907
0.3137916326522827
0.32020461559295654
0.32892799377441406
0.3364506959915161
0.34319746494293213
0.34984397888183594
0.35846197605133057
0.3661015033721924
0.37374579906463623
0.38340651988983154
0.39171159267425537
0.3993948698043823
0.4069308042526245
0.41589415073394775
-0.058887481689453125
-0.1362147331237793
-0.0982893705368042
-0.0479581356048584
-0.019882678985595703
0.0022464990615844727
0.01660001277923584
0.03480112552642822
0.04171574115753174
0.05074644088745117
0.05986285209655762
0.06568706035614014
0.07715964317321777
0.08499741554260254
0.09079813957214355
0.09664344787597656
0.10276377201080322
0.10979771614074707
0.11759889125823975
0.12567973136901855
0.1334974765777588
0.14138317108154297
0.14928066730499268
0.15678882598876953
0.16420888900756836
0.17268109321594238
0.18208849430084229
0.19000351428985596
0.20019567012786865
0.20960140228271484
0.21779930591583252
0.22814428806304932
0.23733532428741455
0.24656248092651367
0.2571941614151001
0.26698946952819824
0.276705265045166
-0.1349543333053589
-0.17834436893463135
-0.1268479824066162
-0.08038604259490967
-0.051009416580200195
-0.024686813354492188
-0.01359701156616211
-0.005933642387390137
0.0005942583084106445
0.0074808597564697266
0.01902484893798828
0.03149771690368652
0.037921905517578125
0.04309725761413574
0.04862356185913086
0.056352853775024414
0.06649243831634521
0.07261455059051514
0.07806098461151123
0.08379387855529785
0.0918501615524292
0.10137426853179932
0.10789835453033447
0.11795997619628906
0.1261080503463745
0.13386690616607666
0.14480805397033691
0.15433204174041748
0.16271471977233887
0.17226076126098633
2.331145763397217
2.8276076316833496
2.8141846656799316
2.719311237335205
2.6561434268951416
2.6245999336242676
2.6104533672332764
2.6091103553771973
2.615588903427124
2.6213877201080322
2.627776622772217
2.6356494426727295
2.643170118331909
2.648477792739868
2.656249523162842
2.292020082473755
2.22519588470459
2.254439353942871
2.2954092025756836
2.3218536376953125
2.3386688232421875
2.3529915809631348
2.365708351135254
2.3773324489593506
2.387387752532959
2.395545244216919
2.406526565551758
2.4160072803497314
2.423638105392456
2.43021821975708
2.437859058380127
2.4452667236328125
2.4523332118988037
2.460688829421997
2.468665838241577
2.476419687271118
2.4846277236938477
2.491888999938965
2.4982948303222656
2.5096826553344727
2.5203542709350586
2.221198081970215
2.1643009185791016
2.1898722648620605
2.2221503257751465
2.2463412284851074
2.2594501972198486
2.2721152305603027
2.2844622135162354
2.296257495880127
2.3075387477874756
2.316603899002075
2.32592511177063
2.3348617553710938
2.3420886993408203
2.349587917327881
2.3560950756073
2.3635292053222656
2.370495080947876
2.3773887157440186
2.384871006011963
2.3924481868743896
2.399404764175415
2.405795097351074
2.4136862754821777
2.4217400550842285
2.433561086654663
2.444450616836548
2.4566895961761475
2.4675748348236084
2.145386219024658
2.082151412963867
2.1035213470458984
2.137594699859619
2.1589112281799316
2.1720798015594482
2.1822686195373535
2.1924548149108887
2.201528787612915
2.211805820465088
2.221935749053955
2.2305870056152344
2.2362897396087646
2.242465019226074
2.2495851516723633
2.2567639350891113
2.2631285190582275
2.270250082015991
2.2768495082855225
2.2842724323272705
2.2910938262939453
2.3003041744232178
2.3080663681030273
2.314872980117798
2.32300066947937
2.3302042484283447
2.341603994369507
2.3524320125579834
2.364744186401367
2.3757762908935547
2.3873660564422607
2.0146212577819824
1.943587303161621
1.9785234928131104
2.0111746788024902
2.0297482013702393
2.049314260482788
2.060800313949585
2.0711660385131836
2.081342935562134
2.0912487506866455
2.1011412143707275
2.1091325283050537
2.115469217300415
2.121535062789917
2.127776622772217
2.1348636150360107
2.1415798664093018
2.148502826690674
2.1546859741210938
2.161705255508423
2.1678802967071533
2.174635887145996
2.1813912391662598
2.1877896785736084
2.194348096847534
2.201437473297119
2.207875967025757
2.215730667114258
2.2238194942474365
2.2309694290161133
2.2406668663024902
2.253479242324829
2.265411138534546
2.2776968479156494
1.8975229263305664
1.8502674102783203
1.874140739440918
1.9073686599731445
1.937915563583374
1.9526512622833252
1.9598946571350098
1.9713435173034668
1.9794936180114746
1.9868357181549072
1.9958586692810059
2.0052037239074707
2.0152487754821777
2.023712396621704
2.030568838119507
2.0370447635650635
2.0436346530914307
2.0503671169281006
2.0568292140960693
2.063863754272461
2.070206642150879
2.0770206451416016
2.083958148956299
2.091106653213501
2.0980775356292725
2.1047263145446777
2.110875368118286
2.1180059909820557
2.124763250350952
2.131119728088379
2.138988494873047
2.1464741230010986
2.156432867050171
2.1692450046539307
2.181180000305176
2.193467617034912
1.8214938640594482
1.751953125
1.7817449569702148
1.8131871223449707
1.8341078758239746
1.8557360172271729
1.869471788406372
1.877673625946045
1.8890266418457031
1.8971638679504395
1.9051907062530518
1.9136004447937012
1.9220850467681885
1.9315674304962158
1.9397387504577637
1.9472389221191406
1.9536693096160889
1.9599077701568604
1.9661023616790771
1.9722611904144287
1.9783687591552734
1.9851226806640625
1.9914546012878418
1.998410701751709
2.005542039871216
2.012543201446533
2.019294261932373
2.02772855758667
2.0355405807495117
2.0426383018493652
2.049135208129883
2.05712890625
2.06899356842041
2.0804214477539062
2.092996120452881
2.104457139968872
1.698988676071167
1.6458427906036377
1.673299789428711
1.718322992324829
1.7451095581054688
1.7610411643981934
1.7769381999969482
1.7881295680999756
1.799225091934204
1.810171365737915
1.8220024108886719
1.8288037776947021
1.8365144729614258
1.8431169986724854
1.849308967590332
1.8568780422210693
1.8640666007995605
1.8708505630493164
1.877453088760376
1.884434700012207
1.891056776046753
1.897674560546875
1.9046528339385986
1.9115452766418457
1.9193997383117676
1.9267606735229492
1.9337921142578125
1.9405465126037598
1.9487838745117188
1.9564473628997803
1.9636006355285645
1.970266342163086
1.9778916835784912
1.9890835285186768
2.002319097518921
2.0148119926452637
2.0287206172943115
1.6352758407592773
1.5622718334197998
1.5918421745300293
1.6239116191864014
1.6463408470153809
1.6664466857910156
1.6779613494873047
1.6856155395507812
1.6967477798461914
1.7054967880249023
1.7140142917633057
1.7241370677947998
1.7343578338623047
1.7413146495819092
1.7488384246826172
1.7561876773834229
1.7628319263458252
1.7697691917419434
1.7773730754852295
1.784512996673584
1.7914738655090332
1.7985341548919678
1.8053271770477295
1.812140941619873
1.8194339275360107
1.8261892795562744
1.834012746810913
1.8417673110961914
1.8490135669708252
1.8557865619659424
1.8638243675231934
1.871699333190918
1.8791489601135254
1.8861396312713623
1.8949346542358398
1.9058036804199219
1.9146144390106201
1.9227087497711182
1.9340741634368896
1.945122241973877
1.9571824073791504
1.9682965278625488
1.6295974254608154
1.5977301597595215
1.620948314666748
1.6439406871795654
1.6683502197265625
1.6825506687164307
1.694349765777588
1.7066929340362549
1.717761754989624
1.7236454486846924
1.7311515808105469
1.7375876903533936
1.7435064315795898
1.7504422664642334
1.7579617500305176
1.7653744220733643
1.7730703353881836
1.7802386283874512
1.7882463932037354
1.7951610088348389
1.8017199039459229
1.8092052936553955
1.8171405792236328
1.824662446975708
1.8310155868530273
1.8365530967712402
1.844012975692749
1.8535361289978027
1.8621060848236084
1.8702831268310547
1.8819122314453125
1.8958101272583008
1.908719778060913
1.9227995872497559
1.5715606212615967
1.533071517944336
1.559666395187378
1.5835537910461426
1.607041358947754
1.6210434436798096
1.6303346157073975
1.640920877456665
1.65175461769104
1.6574726104736328
1.6635768413543701
1.670325756072998
1.6767168045043945
1.6832325458526611
1.691375732421875
1.6985435485839844
1.7055137157440186
1.7124383449554443
1.7206230163574219
1.7278721332550049
1.7341465950012207
1.7418713569641113
1.7491109371185303
1.756141185760498
1.7624552249908447
1.7706334590911865
1.7803354263305664
1.7893071174621582
1.7976391315460205
1.8123083114624023
1.8266310691833496
1.8410749435424805
1.68355393409729
1.653867483139038
1.6823408603668213
1.7048168182373047
1.7173500061035156
1.733752727508545
1.7445323467254639
1.7513389587402344
1.7617344856262207
1.770982027053833
1.7828788757324219
1.7937026023864746
1.8054215908050537
1.8185620307922363
1.7927532196044922
1.7824676036834717
1.7859179973602295
1.7957382202148438
1.8051488399505615
