[11.46128 -7.16585  1.61651]
[11.46128 -7.16583  1.61647]
[11.46129 -7.16581  1.61643]
[11.46129 -7.16579  1.61638]
[11.46129 -7.16577  1.61634]
[11.46127 -7.16524  1.61633]
[11.46117 -7.16335  1.61643]
[11.46105 -7.16105  1.61656]
[11.46091 -7.15816  1.61662]
[11.46071 -7.15407  1.61657]
[11.46056 -7.15101  1.61655]
[11.46041 -7.14795  1.61652]
[11.46021 -7.14388  1.61651]
[11.46007 -7.14082  1.6165 ]
[11.45993 -7.13777  1.6165 ]
[11.45974 -7.1337   1.61651]
[11.4596  -7.13065  1.61654]
[11.45945 -7.1276   1.61665]
[11.45922 -7.12353  1.61721]
[11.45902 -7.1205   1.61797]
[11.45881 -7.11749  1.61876]
[11.45851 -7.11354  1.61988]
[11.45826 -7.11062  1.62086]
[11.45798 -7.10772  1.62189]
[11.45765 -7.10386  1.623  ]
[11.45744 -7.10093  1.6234 ]
[11.45726 -7.09796  1.62355]
[11.45705 -7.09393  1.62351]
[11.45691 -7.09091  1.62335]
[11.45677 -7.08789  1.62319]
[11.45658 -7.08386  1.62304]
[11.45644 -7.08084  1.62302]
[11.4563  -7.07782  1.62301]
[11.45609 -7.07379  1.62298]
[11.45593 -7.07077  1.62296]
[11.45577 -7.06774  1.62293]
[11.45556 -7.06369  1.6229 ]
[11.4554  -7.06065  1.62288]
[11.45524 -7.05761  1.62285]
[11.45503 -7.05355  1.62282]
[11.45487 -7.05051  1.62279]
[11.45471 -7.04746  1.62277]
[11.45449 -7.04339  1.62275]
[11.45433 -7.04033  1.62273]
[11.45416 -7.03728  1.62272]
[11.45395 -7.03321  1.62272]
[11.45379 -7.03016  1.62275]
[11.45362 -7.0271   1.62282]
[11.45338 -7.02304  1.62319]
[11.45318 -7.01999  1.62377]
[11.45295 -7.01696  1.62463]
[11.45263 -7.01295  1.62581]
[11.45238 -7.00999  1.62676]
[11.45209 -7.00707  1.62786]
[11.45168 -7.00322  1.62935]
[11.45141 -7.00033  1.6302 ]
[11.45117 -6.9974   1.63062]
[11.45091 -6.99343  1.63077]
[11.45073 -6.99041  1.63072]
[11.45056 -6.98738  1.6306 ]
[11.45036 -6.98335  1.63037]
[11.45019 -6.98033  1.63029]
[11.45003 -6.97732  1.63028]
[11.4498  -6.9733   1.63026]
[11.44962 -6.97028  1.63024]
[11.44945 -6.96725  1.63021]
[11.44921 -6.96321  1.63018]
[11.44902 -6.96018  1.63015]
[11.44884 -6.95714  1.63013]
[11.4486  -6.95309  1.63009]
[11.44842 -6.95004  1.63006]
[11.44824 -6.947    1.63004]
[11.44799 -6.94293  1.63001]
[11.44781 -6.93988  1.62999]
[11.44762 -6.93683  1.62997]
[11.44738 -6.93276  1.62996]
[11.44719 -6.92971  1.62996]
[11.44701 -6.92666  1.62999]
[11.44676 -6.92259  1.63015]
[11.44655 -6.91954  1.63048]
[11.44632 -6.91649  1.63107]
[11.44598 -6.91245  1.63231]
[11.44572 -6.90945  1.63329]
[11.44543 -6.90648  1.63435]
[11.44499 -6.90259  1.63601]
[11.44465 -6.89971  1.6372 ]
[11.44435 -6.89683  1.63807]
[11.44401 -6.89293  1.63857]
[11.4438  -6.88995  1.63865]
[11.4436  -6.88693  1.63859]
[11.44334 -6.88289  1.6384 ]
[11.44316 -6.87986  1.63823]
[11.44298 -6.87685  1.63815]
[11.44273 -6.87283  1.63813]
[11.44253 -6.86981  1.63811]
[11.44233 -6.86679  1.63809]
[11.44206 -6.86276  1.63805]
[11.44186 -6.85973  1.63803]
[11.44165 -6.8567   1.638  ]
[11.44138 -6.85265  1.63796]
[11.44118 -6.84961  1.63794]
[11.44097 -6.84657  1.63791]
[11.44069 -6.84251  1.63787]
[11.44049 -6.83946  1.63785]
[11.44028 -6.83641  1.63783]
[11.44    -6.83235  1.6378 ]
[11.43979 -6.82929  1.63779]
[11.43958 -6.82624  1.63779]
[11.4393  -6.82218  1.63785]
[11.43909 -6.81913  1.638  ]
[11.43886 -6.81608  1.63834]
[11.43851 -6.81202  1.63919]
[11.43823 -6.80899  1.64022]
[11.43794 -6.80598  1.64131]
[11.43751 -6.80204  1.64292]
[11.43714 -6.79914  1.64429]
[11.43676 -6.79626  1.64556]
[11.43633 -6.79241  1.64662]
[11.43607 -6.78948  1.64693]
[11.43583 -6.7865   1.647  ]
[11.43553 -6.78248  1.64691]
[11.43532 -6.77945  1.64675]
[11.43511 -6.77643  1.64657]
[11.43483 -6.77241  1.64647]
[11.43462 -6.7694   1.64645]
[11.4344  -6.76638  1.64643]
[11.4341  -6.76236  1.6464 ]
[11.43387 -6.75934  1.64637]
[11.43364 -6.75631  1.64635]
[11.43333 -6.75227  1.64631]
[11.4331  -6.74923  1.64628]
[11.43287 -6.7462   1.64626]
[11.43256 -6.74214  1.64622]
[11.43233 -6.7391   1.64619]
[11.4321  -6.73605  1.64617]
[11.43179 -6.73199  1.64614]
[11.43155 -6.72894  1.64612]
[11.43132 -6.72589  1.6461 ]
[11.43101 -6.72182  1.64611]
[11.43077 -6.71878  1.64616]
[11.43054 -6.71573  1.6463 ]
[11.43019 -6.71167  1.64679]
[11.4299  -6.70863  1.64746]
[11.42959 -6.7056   1.64851]
[11.42916 -6.70161  1.65012]
[11.4288  -6.69866  1.65148]
[11.42839 -6.69576  1.65298]
[11.42785 -6.69194  1.65471]
[11.42751 -6.68906  1.65545]
[11.42721 -6.68613  1.65578]
[11.42686 -6.68216  1.65585]
[11.42661 -6.67914  1.65575]
[11.42638 -6.67611  1.65557]
[11.42607 -6.67209  1.65534]
[11.42583 -6.66907  1.65526]
[11.42559 -6.66606  1.65524]
[11.42526 -6.66205  1.65521]
[11.42501 -6.65903  1.65519]
[11.42476 -6.65601  1.65516]
[11.42441 -6.65197  1.65513]
[11.42416 -6.64894  1.6551 ]
[11.4239  -6.64591  1.65507]
[11.42356 -6.64186  1.65503]
[11.4233  -6.63882  1.655  ]
[11.42304 -6.63578  1.65498]
[11.4227  -6.63172  1.65494]
[11.42243 -6.62868  1.65492]
[11.42217 -6.62563  1.6549 ]
[11.42183 -6.62157  1.65488]
[11.42157 -6.61852  1.65489]
[11.42131 -6.61547  1.65494]
[11.42095 -6.61141  1.65516]
[11.42066 -6.60837  1.65556]
[11.42034 -6.60533  1.65622]
[11.41989 -6.6013   1.65768]
[11.41954 -6.59832  1.65901]
[11.41915 -6.59537  1.66049]
[11.41854 -6.59153  1.66263]
[11.41811 -6.58867  1.66391]
[11.41774 -6.5858   1.66464]
[11.41732 -6.58189  1.665  ]
[11.41703 -6.57891  1.66503]
[11.41676 -6.57589  1.66493]
[11.41641 -6.57186  1.66468]
[11.41615 -6.56885  1.66452]
[11.41588 -6.56583  1.66442]
[11.41553 -6.56182  1.66439]
[11.41525 -6.55881  1.66437]
[11.41497 -6.5558   1.66435]
[11.4146  -6.55177  1.66431]
[11.41431 -6.54875  1.66428]
[11.41403 -6.54572  1.66426]
[11.41365 -6.54168  1.66422]
[11.41336 -6.53865  1.66419]
[11.41308 -6.53561  1.66416]
[11.41269 -6.53156  1.66413]
[11.41241 -6.52852  1.6641 ]
[11.41212 -6.52547  1.66408]
[11.41173 -6.52141  1.66405]
[11.41145 -6.51837  1.66404]
[11.41116 -6.51532  1.66404]
[11.41077 -6.51127  1.66412]
[11.41048 -6.50822  1.66432]
[11.41016 -6.50518  1.66471]
[11.4097  -6.50114  1.66566]
[11.40933 -6.49812  1.66681]
[11.40894 -6.49513  1.66825]
[11.40836 -6.49123  1.67044]
[11.40786 -6.48836  1.67213]
[11.40739 -6.48551  1.67347]
[11.40687 -6.48168  1.67438]
[11.40653 -6.47875  1.67461]
[11.40622 -6.47577  1.67464]
[11.40582 -6.47175  1.67447]
[11.40553 -6.46874  1.67428]
[11.40524 -6.46572  1.6741 ]
[11.40484 -6.4617   1.67398]
[11.40455 -6.4587   1.67396]
[11.40425 -6.45569  1.67394]
[11.40384 -6.45167  1.67391]
[11.40352 -6.44866  1.67388]
[11.40321 -6.44564  1.67385]
[11.40279 -6.4416   1.67382]
[11.40248 -6.43858  1.67379]
[11.40217 -6.43555  1.67376]
[11.40175 -6.4315   1.67372]
[11.40143 -6.42846  1.6737 ]
[11.40111 -6.42542  1.67367]
[11.40069 -6.42137  1.67364]
[11.40037 -6.41833  1.67362]
[11.40006 -6.41528  1.67361]
[11.39963 -6.41123  1.67362]
[11.39931 -6.40819  1.67369]
[11.39899 -6.40515  1.67389]
[11.39852 -6.4011   1.67448]
[11.39814 -6.39806  1.67523]
[11.39774 -6.39505  1.67637]
[11.39718 -6.39108  1.67845]
[11.3967  -6.38817  1.68024]
[11.39616 -6.38531  1.68203]
[11.3955  -6.38152  1.68375]
[11.39509 -6.37865  1.68436]
[11.39472 -6.37573  1.6846 ]
[11.39426 -6.37175  1.68461]
[11.39394 -6.36874  1.68445]
[11.39362 -6.36572  1.68426]
[11.39319 -6.36171  1.68403]
[11.39286 -6.3587   1.68394]
[11.39254 -6.3557   1.68392]
[11.3921  -6.35169  1.68389]
[11.39176 -6.34868  1.68387]
[11.39141 -6.34567  1.68384]
[11.39096 -6.34164  1.68381]
[11.39061 -6.33862  1.68378]
[11.39027 -6.3356   1.68375]
[11.38981 -6.33156  1.68372]
[11.38947 -6.32853  1.68369]
[11.38912 -6.32549  1.68366]
[11.38866 -6.32145  1.68363]
[11.38831 -6.31841  1.68361]
[11.38796 -6.31537  1.68359]
[11.3875  -6.31132  1.68357]
[11.38715 -6.30828  1.68359]
[11.3868  -6.30524  1.68366]
[11.38632 -6.30119  1.68398]
[11.38593 -6.29816  1.68445]
[11.38552 -6.29513  1.68519]
[11.38495 -6.29112  1.6868 ]
[11.3845  -6.28815  1.68849]
[11.38397 -6.28524  1.69043]
[11.3832  -6.28145  1.69288]
[11.38268 -6.27862  1.69407]
[11.38224 -6.27576  1.69469]
[11.38171 -6.27186  1.69497]
[11.38134 -6.26888  1.69496]
[11.38099 -6.26587  1.6948 ]
[11.38052 -6.26185  1.69455]
[11.38016 -6.25884  1.69438]
[11.3798  -6.25584  1.69426]
[11.37933 -6.25184  1.69423]
[11.37897 -6.24883  1.69421]
[11.3786  -6.24583  1.69419]
[11.3781  -6.24181  1.69416]
[11.37773 -6.2388   1.69413]
[11.37735 -6.23578  1.6941 ]
[11.37685 -6.23175  1.69407]
[11.37648 -6.22873  1.69404]
[11.3761  -6.2257   1.69401]
[11.3756  -6.22166  1.69398]
[11.37522 -6.21863  1.69395]
[11.37484 -6.21559  1.69393]
[11.37433 -6.21155  1.6939 ]
[11.37396 -6.20851  1.69389]
[11.37358 -6.20548  1.69391]
[11.37307 -6.20143  1.69401]
[11.37267 -6.1984   1.69428]
[11.37226 -6.19536  1.69474]
[11.37167 -6.19133  1.69579]
[11.37121 -6.18833  1.69704]
[11.37072 -6.18538  1.69874]
[11.36996 -6.18152  1.70142]
[11.36934 -6.1787   1.70327]
[11.36879 -6.17588  1.70452]
[11.36816 -6.17207  1.7053 ]
[11.36774 -6.16914  1.7055 ]
[11.36734 -6.16616  1.70548]
[11.36683 -6.16216  1.70524]
[11.36645 -6.15916  1.70506]
[11.36606 -6.15615  1.70489]
[11.36554 -6.15215  1.70473]
[11.36515 -6.14915  1.70471]
[11.36476 -6.14615  1.70469]
[11.36423 -6.14214  1.70466]
[11.36382 -6.13914  1.70464]
[11.36342 -6.13613  1.70461]
[11.36287 -6.13211  1.70458]
[11.36247 -6.12909  1.70455]
[11.36206 -6.12607  1.70453]
[11.36151 -6.12204  1.70449]
[11.3611  -6.11901  1.70446]
[11.36069 -6.11598  1.70444]
[11.36015 -6.11194  1.70441]
[11.35974 -6.10891  1.70439]
[11.35933 -6.10588  1.70438]
[11.35878 -6.10184  1.7044 ]
[11.35837 -6.09881  1.70448]
[11.35794 -6.09578  1.70474]
[11.35734 -6.09175  1.70538]
[11.35687 -6.08873  1.7062 ]
[11.35638 -6.08574  1.70741]
[11.35568 -6.08182  1.7097 ]
[11.35507 -6.07895  1.71168]
[11.35443 -6.07613  1.71349]
[11.35367 -6.07238  1.71498]
[11.35319 -6.06952  1.71549]
[11.35274 -6.06659  1.71569]
[11.35217 -6.06262  1.71562]
[11.35176 -6.05962  1.71543]
[11.35134 -6.05662  1.71525]
[11.35078 -6.05262  1.71504]
[11.35036 -6.04962  1.71494]
[11.34994 -6.04663  1.71491]
[11.34938 -6.04263  1.71489]
[11.34895 -6.03964  1.71487]
[11.34851 -6.03663  1.71485]
[11.34793 -6.03262  1.71481]
[11.34749 -6.02961  1.71479]
[11.34705 -6.0266   1.71476]
[11.34647 -6.02258  1.71473]
[11.34603 -6.01956  1.7147 ]
[11.34559 -6.01654  1.71468]
[11.345   -6.0125   1.71465]
[11.34456 -6.00948  1.71462]
[11.34411 -6.00645  1.7146 ]
[11.34353 -6.00242  1.71459]
[11.34309 -5.99939  1.71462]
[11.34264 -5.99636  1.71469]
[11.34203 -5.99233  1.71506]
[11.34155 -5.98931  1.71558]
[11.34104 -5.9863   1.71638]
[11.34035 -5.98232  1.71806]
[11.33979 -5.97939  1.71981]
[11.33916 -5.97653  1.72175]
[11.33828 -5.97279  1.724  ]
[11.3377  -5.96998  1.725  ]
[11.33719 -5.96712  1.72551]
[11.33655 -5.96322  1.72573]
[11.33609 -5.96024  1.72566]
[11.33565 -5.95725  1.72548]
[11.33506 -5.95325  1.72524]
[11.33461 -5.95025  1.72508]
[11.33416 -5.94726  1.72498]
[11.33356 -5.94327  1.72496]
[11.3331  -5.94028  1.72494]
[11.33264 -5.93729  1.72492]
[11.33202 -5.93329  1.72489]
[11.33155 -5.93029  1.72487]
[11.33109 -5.92728  1.72484]
[11.33046 -5.92327  1.72481]
[11.32999 -5.92026  1.72479]
[11.32952 -5.91724  1.72476]
[11.32889 -5.91322  1.72473]
[11.32842 -5.9102   1.72471]
[11.32795 -5.90718  1.72469]
[11.32732 -5.90315  1.72466]
[11.32685 -5.90013  1.72465]
[11.32638 -5.89711  1.72468]
[11.32574 -5.89308  1.72482]
[11.32525 -5.89006  1.72512]
[11.32474 -5.88704  1.72563]
[11.32402 -5.88304  1.72676]
[11.32347 -5.88006  1.72807]
[11.32289 -5.87714  1.72979]
[11.322   -5.87334  1.73232]
[11.32132 -5.87054  1.73391]
[11.32072 -5.86774  1.7349 ]
[11.32    -5.86393  1.7355 ]
[11.3195  -5.861    1.73563]
[11.31901 -5.85802  1.73558]
[11.31838 -5.85404  1.73533]
[11.3179  -5.85104  1.73515]
[11.31743 -5.84805  1.735  ]
[11.31679 -5.84407  1.7349 ]
[11.31631 -5.84108  1.73489]
[11.31582 -5.8381   1.73487]
[11.31516 -5.83411  1.73484]
[11.31467 -5.83111  1.73482]
[11.31417 -5.82812  1.7348 ]
[11.31351 -5.82412  1.73477]
[11.31301 -5.82111  1.73474]
[11.31251 -5.8181   1.73472]
[11.31184 -5.81409  1.73469]
[11.31134 -5.81107  1.73466]
[11.31084 -5.80806  1.73464]
[11.31017 -5.80404  1.73461]
[11.30967 -5.80102  1.73459]
[11.30917 -5.798    1.73459]
[11.3085  -5.79398  1.73463]
[11.30799 -5.79096  1.73475]
[11.30747 -5.78795  1.73506]
[11.30674 -5.78393  1.73578]
[11.30617 -5.78094  1.73667]
[11.30559 -5.77796  1.73796]
[11.30476 -5.77409  1.74027]
[11.30406 -5.77125  1.74214]
[11.30336 -5.76846  1.74375]
[11.30252 -5.76473  1.74499]
[11.30196 -5.76187  1.7454 ]
[11.30143 -5.75895  1.74555]
[11.30074 -5.75499  1.74544]
[11.30024 -5.752    1.74525]
[11.29974 -5.74901  1.74507]
[11.29906 -5.74503  1.74487]
[11.29855 -5.74205  1.74481]
[11.29804 -5.73907  1.7448 ]
[11.29735 -5.73509  1.74478]
[11.29683 -5.73211  1.74476]
[11.2963  -5.72912  1.74474]
[11.2956  -5.72513  1.74471]
[11.29507 -5.72213  1.74469]
[11.29455 -5.71913  1.74467]
[11.29384 -5.71513  1.74464]
[11.29331 -5.71212  1.74461]
[11.29278 -5.70911  1.74459]
[11.29207 -5.7051   1.74456]
[11.29154 -5.70209  1.74454]
[11.29101 -5.69908  1.74452]
[11.2903  -5.69506  1.74452]
[11.28977 -5.69205  1.74456]
[11.28923 -5.68904  1.74468]
[11.28849 -5.68502  1.74512]
[11.28791 -5.68202  1.7457 ]
[11.28731 -5.67902  1.74658]
[11.2865  -5.67508  1.74836]
[11.28584 -5.67218  1.75011]
[11.28511 -5.66936  1.75195]
[11.28416 -5.66565  1.75394]
[11.28352 -5.66286  1.75477]
[11.28293 -5.66     1.75518]
[11.28218 -5.6561   1.75534]
[11.28164 -5.65313  1.75524]
[11.28111 -5.65015  1.75505]
[11.2804  -5.64617  1.75481]
[11.27986 -5.64319  1.75467]
[11.27932 -5.64021  1.75462]
[11.2786  -5.63624  1.7546 ]
[11.27805 -5.63327  1.75459]
[11.2775  -5.63029  1.75457]
[11.27676 -5.62631  1.75454]
[11.2762  -5.62332  1.75452]
[11.27565 -5.62033  1.7545 ]
[11.2749  -5.61633  1.75447]
[11.27434 -5.61334  1.75445]
[11.27378 -5.61034  1.75443]
[11.27304 -5.60633  1.7544 ]
[11.27247 -5.60333  1.75438]
[11.27191 -5.60032  1.75436]
[11.27117 -5.59631  1.75433]
[11.2706  -5.5933   1.75434]
[11.27004 -5.5903   1.75438]
[11.26928 -5.58629  1.75458]
[11.2687  -5.58328  1.75494]
[11.26809 -5.58028  1.75551]
[11.26725 -5.5763   1.75675]
[11.26661 -5.57335  1.75813]
[11.26593 -5.57046  1.75985]
[11.26493 -5.56671  1.76221]
[11.26419 -5.56395  1.76361]
[11.26352 -5.56116  1.76444]
[11.26271 -5.55735  1.76492]
[11.26212 -5.55442  1.76501]
[11.26155 -5.55145  1.76493]
[11.2608  -5.54748  1.76468]
[11.26024 -5.5445   1.76451]
[11.25967 -5.54153  1.76436]
[11.25892 -5.53757  1.76432]
[11.25835 -5.5346   1.76431]
[11.25777 -5.53163  1.76429]
