[11.46585 -7.26574  1.61651]
[11.46585 -7.26573  1.61647]
[11.46585 -7.26571  1.61643]
[11.46585 -7.26569  1.61638]
[11.46584 -7.26567  1.61634]
[11.46582 -7.26514  1.61633]
[11.46573 -7.26325  1.61643]
[11.46563 -7.26094  1.61656]
[11.46549 -7.25806  1.61662]
[11.46529 -7.25396  1.61657]
[11.46513 -7.2509   1.61655]
[11.46498 -7.24785  1.61652]
[11.46478 -7.24377  1.61651]
[11.46464 -7.24072  1.6165 ]
[11.4645  -7.23767  1.6165 ]
[11.46431 -7.2336   1.61651]
[11.46417 -7.23054  1.61654]
[11.46404 -7.22749  1.61665]
[11.46386 -7.22342  1.61721]
[11.46374 -7.22039  1.61797]
[11.46361 -7.21738  1.61876]
[11.46342 -7.21342  1.61988]
[11.46326 -7.21049  1.62086]
[11.46309 -7.20759  1.62189]
[11.46287 -7.20373  1.623  ]
[11.4627 -7.2008  1.6234]
[11.46253 -7.19782  1.62355]
[11.46232 -7.1938   1.62351]
[11.46216 -7.19077  1.62335]
[11.46201 -7.18775  1.62319]
[11.46181 -7.18372  1.62304]
[11.46166 -7.18071  1.62302]
[11.46152 -7.17769  1.62301]
[11.46131 -7.17366  1.62298]
[11.46115 -7.17063  1.62296]
[11.46099 -7.1676   1.62293]
[11.46077 -7.16356  1.6229 ]
[11.46061 -7.16052  1.62288]
[11.46045 -7.15748  1.62285]
[11.46023 -7.15342  1.62282]
[11.46007 -7.15037  1.62279]
[11.4599  -7.14732  1.62277]
[11.45968 -7.14325  1.62275]
[11.45952 -7.1402   1.62273]
[11.45935 -7.13714  1.62272]
[11.45914 -7.13307  1.62272]
[11.45898 -7.13002  1.62275]
[11.45882 -7.12697  1.62282]
[11.45862 -7.1229   1.62319]
[11.45847 -7.11985  1.62377]
[11.45833 -7.11681  1.62463]
[11.45813 -7.1128   1.62581]
[11.45798 -7.10983  1.62676]
[11.45779 -7.10691  1.62786]
[11.45754 -7.10304  1.62935]
[11.45734 -7.10015  1.6302 ]
[11.45715 -7.09723  1.63062]
[11.45691 -7.09325  1.63077]
[11.45672 -7.09023  1.63072]
[11.45654 -7.0872   1.6306 ]
[11.45631 -7.08317  1.63037]
[11.45614 -7.08016  1.63029]
[11.45598 -7.07714  1.63028]
[11.45575 -7.07312  1.63026]
[11.45557 -7.0701   1.63024]
[11.45538 -7.06707  1.63021]
[11.45514 -7.06304  1.63018]
[11.45496 -7.06     1.63015]
[11.45477 -7.05697  1.63013]
[11.45453 -7.05291  1.63009]
[11.45434 -7.04987  1.63006]
[11.45416 -7.04682  1.63004]
[11.45391 -7.04276  1.63001]
[11.45372 -7.03971  1.62999]
[11.45354 -7.03665  1.62997]
[11.45329 -7.03258  1.62996]
[11.4531  -7.02953  1.62996]
[11.45292 -7.02648  1.62999]
[11.45269 -7.02241  1.63015]
[11.45251 -7.01936  1.63048]
[11.45234 -7.01631  1.63107]
[11.45212 -7.01226  1.63231]
[11.45196 -7.00925  1.63329]
[11.45179 -7.00628  1.63435]
[11.45151 -7.00238  1.63601]
[11.45129 -6.99949  1.6372 ]
[11.45107 -6.9966   1.63807]
[11.45079 -6.9927   1.63857]
[11.45058 -6.98972  1.63865]
[11.45037 -6.9867   1.63859]
[11.4501  -6.98266  1.6384 ]
[11.4499  -6.97964  1.63823]
[11.44971 -6.97662  1.63815]
[11.44946 -6.9726   1.63813]
[11.44926 -6.96959  1.63811]
[11.44906 -6.96657  1.63809]
[11.44878 -6.96254  1.63805]
[11.44858 -6.95951  1.63803]
[11.44837 -6.95648  1.638  ]
[11.44809 -6.95243  1.63796]
[11.44788 -6.94939  1.63794]
[11.44768 -6.94635  1.63791]
[11.4474  -6.94229  1.63787]
[11.44719 -6.93924  1.63785]
[11.44698 -6.93619  1.63783]
[11.44669 -6.93212  1.6378 ]
[11.44649 -6.92907  1.63779]
[11.44628 -6.92602  1.63779]
[11.446   -6.92195  1.63785]
[11.44581 -6.9189   1.638  ]
[11.44561 -6.91585  1.63834]
[11.44534 -6.91179  1.63919]
[11.44516 -6.90875  1.64022]
[11.44498 -6.90574  1.64131]
[11.44472 -6.90178  1.64292]
[11.44448 -6.89887  1.64429]
[11.44423 -6.89598  1.64556]
[11.44391 -6.89213  1.64662]
[11.44367 -6.88919  1.64693]
[11.44344 -6.88621  1.647  ]
[11.44313 -6.88219  1.64691]
[11.4429  -6.87916  1.64675]
[11.44268 -6.87614  1.64657]
[11.44239 -6.87212  1.64647]
[11.44218 -6.86911  1.64645]
[11.44196 -6.8661   1.64643]
[11.44165 -6.86207  1.6464 ]
[11.44142 -6.85905  1.64637]
[11.44119 -6.85602  1.64635]
[11.44088 -6.85198  1.64631]
[11.44064 -6.84895  1.64628]
[11.44041 -6.84591  1.64626]
[11.4401  -6.84186  1.64622]
[11.43986 -6.83881  1.64619]
[11.43963 -6.83577  1.64617]
[11.43931 -6.8317   1.64614]
[11.43908 -6.82865  1.64612]
[11.43884 -6.82561  1.6461 ]
[11.43853 -6.82154  1.64611]
[11.4383  -6.81849  1.64616]
[11.43808 -6.81544  1.6463 ]
[11.43778 -6.81138  1.64679]
[11.43756 -6.80833  1.64746]
[11.43735 -6.8053   1.64851]
[11.43709 -6.80129  1.65012]
[11.43686 -6.79833  1.65148]
[11.4366  -6.79542  1.65298]
[11.43623 -6.79158  1.65471]
[11.43596 -6.7887   1.65545]
[11.4357  -6.78577  1.65578]
[11.43536 -6.7818   1.65585]
[11.4351  -6.77878  1.65575]
[11.43485 -6.77575  1.65557]
[11.43451 -6.77173  1.65534]
[11.43427 -6.76872  1.65526]
[11.43403 -6.76571  1.65524]
[11.4337  -6.76169  1.65521]
[11.43344 -6.75867  1.65519]
[11.43318 -6.75565  1.65516]
[11.43284 -6.75162  1.65513]
[11.43258 -6.74859  1.6551 ]
[11.43232 -6.74556  1.65507]
[11.43197 -6.74151  1.65503]
[11.43171 -6.73847  1.655  ]
[11.43145 -6.73543  1.65498]
[11.4311  -6.73137  1.65494]
[11.43084 -6.72832  1.65492]
[11.43057 -6.72528  1.6549 ]
[11.43023 -6.72121  1.65488]
[11.42997 -6.71817  1.65489]
[11.42971 -6.71512  1.65494]
[11.42938 -6.71106  1.65516]
[11.42912 -6.70801  1.65556]
[11.42888 -6.70497  1.65622]
[11.42857 -6.70093  1.65768]
[11.42835 -6.69793  1.65901]
[11.4281  -6.69497  1.66049]
[11.42771 -6.6911   1.66263]
[11.42741 -6.68824  1.66391]
[11.42711 -6.68536  1.66464]
[11.42673 -6.68145  1.665  ]
[11.42644 -6.67846  1.66503]
[11.42616 -6.67545  1.66493]
[11.42579 -6.67142  1.66468]
[11.42551 -6.66841  1.66452]
[11.42523 -6.66539  1.66442]
[11.42487 -6.66138  1.66439]
[11.4246  -6.65837  1.66437]
[11.42431 -6.65536  1.66435]
[11.42393 -6.65133  1.66431]
[11.42365 -6.64831  1.66428]
[11.42336 -6.64529  1.66426]
[11.42298 -6.64125  1.66422]
[11.42269 -6.63821  1.66419]
[11.4224  -6.63518  1.66416]
[11.42201 -6.63112  1.66413]
[11.42172 -6.62808  1.6641 ]
[11.42143 -6.62504  1.66408]
[11.42105 -6.62098  1.66405]
[11.42076 -6.61793  1.66404]
[11.42047 -6.61489  1.66404]
[11.42009 -6.61083  1.66412]
[11.41981 -6.60779  1.66432]
[11.41953 -6.60474  1.66471]
[11.41917 -6.60069  1.66566]
[11.41891 -6.59766  1.66681]
[11.41867 -6.59466  1.66825]
[11.41831 -6.59073  1.67044]
[11.41798 -6.58785  1.67213]
[11.41764 -6.58499  1.67347]
[11.41721 -6.58115  1.67438]
[11.4169  -6.57821  1.67461]
[11.41658 -6.57523  1.67464]
[11.41617 -6.57122  1.67447]
[11.41586 -6.5682   1.67428]
[11.41555 -6.56519  1.6741 ]
[11.41514 -6.56117  1.67398]
[11.41485 -6.55817  1.67396]
[11.41454 -6.55516  1.67394]
[11.41413 -6.55114  1.67391]
[11.41381 -6.54813  1.67388]
[11.4135  -6.54511  1.67385]
[11.41308 -6.54107  1.67382]
[11.41276 -6.53805  1.67379]
[11.41244 -6.53502  1.67376]
[11.41202 -6.53097  1.67372]
[11.4117  -6.52793  1.6737 ]
[11.41138 -6.52489  1.67367]
[11.41096 -6.52084  1.67364]
[11.41064 -6.5178   1.67362]
[11.41032 -6.51476  1.67361]
[11.4099  -6.5107   1.67362]
[11.40959 -6.50766  1.67369]
[11.40928 -6.50462  1.67389]
[11.40887 -6.50056  1.67448]
[11.40856 -6.49752  1.67523]
[11.40828 -6.49449  1.67637]
[11.40793 -6.4905   1.67845]
[11.40762 -6.48757  1.68024]
[11.40726 -6.48469  1.68203]
[11.40677 -6.48089  1.68375]
[11.40642 -6.47801  1.68436]
[11.40608 -6.47508  1.6846 ]
[11.40562 -6.4711   1.68461]
[11.40528 -6.46809  1.68445]
[11.40494 -6.46508  1.68426]
[11.40449 -6.46107  1.68403]
[11.40415 -6.45806  1.68394]
[11.40383 -6.45506  1.68392]
[11.40338 -6.45105  1.68389]
[11.40304 -6.44804  1.68387]
[11.4027  -6.44503  1.68384]
[11.40224 -6.441    1.68381]
[11.40189 -6.43798  1.68378]
[11.40154 -6.43496  1.68375]
[11.40108 -6.43092  1.68372]
[11.40073 -6.42789  1.68369]
[11.40038 -6.42486  1.68366]
[11.39992 -6.42081  1.68363]
[11.39957 -6.41777  1.68361]
[11.39922 -6.41473  1.68359]
[11.39875 -6.41068  1.68357]
[11.39841 -6.40764  1.68359]
[11.39807 -6.4046   1.68366]
[11.39761 -6.40055  1.68398]
[11.39727 -6.39751  1.68445]
[11.39694 -6.39447  1.68519]
[11.39653 -6.39044  1.6868 ]
[11.39624 -6.38746  1.68849]
[11.3959  -6.38453  1.69043]
[11.39538 -6.38071  1.69288]
[11.39498 -6.37787  1.69407]
[11.3946  -6.375    1.69469]
[11.3941  -6.37109  1.69497]
[11.39373 -6.36811  1.69496]
[11.39336 -6.3651   1.6948 ]
[11.39286 -6.36109  1.69455]
[11.39249 -6.35808  1.69438]
[11.39212 -6.35508  1.69426]
[11.39164 -6.35108  1.69423]
[11.39128 -6.34807  1.69421]
[11.39091 -6.34507  1.69419]
[11.39041 -6.34105  1.69416]
[11.39003 -6.33804  1.69413]
[11.38965 -6.33502  1.6941 ]
[11.38915 -6.33099  1.69407]
[11.38877 -6.32797  1.69404]
[11.38839 -6.32494  1.69401]
[11.38788 -6.3209   1.69398]
[11.3875  -6.31787  1.69395]
[11.38712 -6.31483  1.69393]
[11.38661 -6.31079  1.6939 ]
[11.38624 -6.30775  1.69389]
[11.38586 -6.30472  1.69391]
[11.38536 -6.30067  1.69401]
[11.38499 -6.29764  1.69428]
[11.38462 -6.2946   1.69474]
[11.38414 -6.29055  1.69579]
[11.3838  -6.28754  1.69704]
[11.38348 -6.28456  1.69874]
[11.38298 -6.28067  1.70142]
[11.38255 -6.27782  1.70327]
[11.38212 -6.27499  1.70452]
[11.38157 -6.27117  1.7053 ]
[11.38117 -6.26823  1.7055 ]
[11.38077 -6.26526  1.70548]
[11.38024 -6.26126  1.70524]
[11.37983 -6.25826  1.70506]
[11.37943 -6.25525  1.70489]
[11.37889 -6.25125  1.70473]
[11.3785  -6.24825  1.70471]
[11.37811 -6.24525  1.70469]
[11.37757 -6.24125  1.70466]
[11.37717 -6.23824  1.70464]
[11.37676 -6.23523  1.70461]
[11.37621 -6.23122  1.70458]
[11.3758  -6.2282   1.70455]
[11.37539 -6.22518  1.70453]
[11.37484 -6.22115  1.70449]
[11.37443 -6.21812  1.70446]
[11.37402 -6.21509  1.70444]
[11.37347 -6.21105  1.70441]
[11.37306 -6.20802  1.70439]
[11.37265 -6.20499  1.70438]
[11.3721  -6.20095  1.7044 ]
[11.3717  -6.19792  1.70448]
[11.3713  -6.19489  1.70474]
[11.37076 -6.19085  1.70538]
[11.37037 -6.18782  1.7062 ]
[11.37    -6.18481  1.70741]
[11.36953 -6.18085  1.7097 ]
[11.36911 -6.17796  1.71168]
[11.36865 -6.17511  1.71349]
[11.36804 -6.17134  1.71498]
[11.36761 -6.16847  1.71549]
[11.36718 -6.16555  1.71569]
[11.3666  -6.16158  1.71562]
[11.36617 -6.15858  1.71543]
[11.36574 -6.15558  1.71525]
[11.36516 -6.15158  1.71504]
[11.36472 -6.14859  1.71494]
[11.36431 -6.14559  1.71491]
[11.36374 -6.1416   1.71489]
[11.3633  -6.1386   1.71487]
[11.36286 -6.1356   1.71485]
[11.36228 -6.13159  1.71481]
[11.36184 -6.12858  1.71479]
[11.3614  -6.12557  1.71476]
[11.36081 -6.12154  1.71473]
[11.36037 -6.11852  1.7147 ]
[11.35992 -6.1155   1.71468]
[11.35933 -6.11147  1.71465]
[11.35889 -6.10844  1.71462]
[11.35845 -6.10542  1.7146 ]
[11.35786 -6.10138  1.71459]
[11.35742 -6.09836  1.71462]
[11.35698 -6.09533  1.71469]
[11.35641 -6.09129  1.71506]
[11.35597 -6.08827  1.71558]
[11.35555 -6.08524  1.71638]
[11.35503 -6.08124  1.71806]
[11.35464 -6.07828  1.71981]
[11.3542  -6.07539  1.72175]
[11.35354 -6.07161  1.724  ]
[11.35306 -6.06879  1.725  ]
[11.3526  -6.06593  1.72551]
[11.35198 -6.06202  1.72573]
[11.35152 -6.05904  1.72566]
[11.35106 -6.05605  1.72548]
[11.35044 -6.05206  1.72524]
[11.34998 -6.04907  1.72508]
[11.34952 -6.04607  1.72498]
[11.34892 -6.04209  1.72496]
[11.34846 -6.0391   1.72494]
[11.34799 -6.0361   1.72492]
[11.34737 -6.03211  1.72489]
[11.3469  -6.0291   1.72487]
[11.34643 -6.0261   1.72484]
[11.3458  -6.02209  1.72481]
[11.34533 -6.01907  1.72479]
[11.34486 -6.01606  1.72476]
[11.34423 -6.01204  1.72473]
[11.34375 -6.00902  1.72471]
[11.34328 -6.006    1.72469]
[11.34265 -6.00197  1.72466]
[11.34217 -5.99895  1.72465]
[11.34171 -5.99592  1.72468]
[11.34108 -5.99189  1.72482]
[11.34062 -5.98887  1.72512]
[11.34016 -5.98585  1.72563]
[11.33956 -5.98182  1.72676]
[11.33914 -5.97883  1.72807]
[11.33872 -5.97587  1.72979]
[11.33808 -5.97204  1.73232]
[11.33756 -5.96922  1.73391]
[11.33705 -5.9664   1.7349 ]
[11.3364  -5.96258  1.7355 ]
[11.33591 -5.95964  1.73563]
[11.33541 -5.95667  1.73558]
[11.33476 -5.95268  1.73533]
[11.33427 -5.9497   1.73515]
[11.33377 -5.9467   1.735  ]
[11.33312 -5.94272  1.7349 ]
[11.33264 -5.93974  1.73489]
[11.33216 -5.93675  1.73487]
[11.33149 -5.93277  1.73484]
[11.331   -5.92977  1.73482]
[11.3305  -5.92678  1.7348 ]
[11.32983 -5.92277  1.73477]
[11.32933 -5.91977  1.73474]
[11.32883 -5.91676  1.73472]
[11.32816 -5.91275  1.73469]
[11.32765 -5.90973  1.73466]
[11.32715 -5.90672  1.73464]
[11.32648 -5.9027   1.73461]
[11.32597 -5.89968  1.73459]
[11.32547 -5.89666  1.73459]
[11.32481 -5.89264  1.73463]
[11.32431 -5.88962  1.73475]
[11.32382 -5.8866   1.73506]
[11.32316 -5.88258  1.73578]
[11.32268 -5.87956  1.73667]
[11.32223 -5.87657  1.73796]
[11.32163 -5.87265  1.74027]
[11.32111 -5.86979  1.74214]
[11.32057 -5.86697  1.74375]
[11.31985 -5.86322  1.74499]
[11.31934 -5.86035  1.7454 ]
[11.31882 -5.85743  1.74555]
[11.31812 -5.85347  1.74544]
[11.3176  -5.85048  1.74525]
[11.31708 -5.8475   1.74507]
[11.31638 -5.84352  1.74487]
[11.31586 -5.84054  1.74481]
[11.31536 -5.83756  1.7448 ]
[11.31466 -5.83358  1.74478]
[11.31414 -5.8306   1.74476]
[11.31361 -5.82761  1.74474]
[11.31291 -5.82362  1.74471]
[11.31238 -5.82062  1.74469]
[11.31185 -5.81762  1.74467]
[11.31114 -5.81362  1.74464]
[11.3106  -5.81061  1.74461]
[11.31007 -5.80761  1.74459]
[11.30936 -5.80359  1.74456]
[11.30882 -5.80058  1.74454]
[11.30829 -5.79757  1.74452]
[11.30758 -5.79355  1.74452]
[11.30705 -5.79054  1.74456]
[11.30653 -5.78753  1.74468]
[11.30583 -5.78351  1.74512]
[11.30531 -5.78049  1.7457 ]
[11.3048  -5.77748  1.74658]
[11.30416 -5.77351  1.74836]
[11.30367 -5.77058  1.75011]
[11.30313 -5.76772  1.75195]
[11.30237 -5.76398  1.75394]
[11.30181 -5.76117  1.75477]
[11.30126 -5.75831  1.75518]
[11.30053 -5.75441  1.75534]
[11.29998 -5.75143  1.75524]
[11.29943 -5.74845  1.75505]
[11.2987  -5.74448  1.75481]
[11.29814 -5.7415   1.75467]
[11.2976  -5.73852  1.75462]
[11.29688 -5.73456  1.7546 ]
[11.29633 -5.73158  1.75459]
[11.29578 -5.7286   1.75457]
[11.29503 -5.72462  1.75454]
[11.29447 -5.72164  1.75452]
[11.29391 -5.71865  1.7545 ]
[11.29317 -5.71465  1.75447]
[11.29261 -5.71165  1.75445]
[11.29204 -5.70865  1.75443]
[11.29129 -5.70465  1.7544 ]
[11.29073 -5.70165  1.75438]
[11.29017 -5.69864  1.75436]
[11.28942 -5.69463  1.75433]
[11.28886 -5.69162  1.75434]
[11.2883  -5.68862  1.75438]
[11.28756 -5.6846   1.75458]
[11.28701 -5.68159  1.75494]
[11.28645 -5.67858  1.75551]
[11.28574 -5.67458  1.75675]
[11.28524 -5.6716   1.75813]
[11.28472 -5.66868  1.75985]
[11.28395 -5.66489  1.76221]
[11.28335 -5.66209  1.76361]
[11.28277 -5.65929  1.76444]
[11.282   -5.65547  1.76492]
[11.28142 -5.65254  1.76501]
[11.28084 -5.64958  1.76493]
[11.28007 -5.64561  1.76468]
[11.27949 -5.64263  1.76451]
[11.27891 -5.63966  1.76436]
[11.27815 -5.6357   1.76432]
[11.27758 -5.63273  1.76431]
[11.277   -5.62976  1.76429]
